0.37558685446
test_Y:
[11, 12, 1, 1, 1, 2, 4, 5, 5, 5, 5, 4, 5, 5, 5, 5, 5, 9, 10, 12, 11, 13, 4, 5, 5, 5, 4, 5, 5, 5, 4, 5, 5, 5, 4, 5, 5, 5, 1, 2, 4, 5, 5, 6, 6, 6, 6, 4, 5, 5, 4, 5, 1, 12, 12, 1, 1, 1, 1, 4, 5, 5, 4, 5, 6, 6, 7, 7, 9, 10, 12, 12, 11, 11, 1, 1, 2, 4, 5, 5, 5, 5, 5, 4, 6, 6, 6, 6, 6, 6, 7, 7, 9, 10, 11, 11, 12, 1, 1, 1, 2, 3, 4, 5, 5, 6, 6, 6, 6, 6, 6, 4, 5, 5, 6, 6, 6, 7, 7, 7, 9, 10, 10, 12, 12, 11, 11, 12, 1, 2, 2, 3, 4, 5, 5, 5, 5, 5, 5, 4, 5, 5, 5, 5, 5, 9, 10, 10, 11, 11, 12, 2, 4, 5, 5, 5, 5, 5, 5, 5, 5, 4, 5, 5, 5, 5, 5, 5, 5, 9, 9, 9, 10, 12, 1, 2, 4, 6, 6, 6, 6, 6, 6, 4, 5, 5, 5, 5, 9, 10, 10, 12, 11, 12, 1, 1, 2, 4, 5, 6, 6, 6, 6, 6, 4, 5, 5, 9, 10, 10, 12, 11, 12]
Y_pred:
[ 4 12  1  2  1  4  4  5  3  4  4  4  5  4  4  4  4  9  9 11 13 13  4  5  5
  5  4  5  5  5  9  5  5  5  9  5  5  5  1  4 13  4  4  6  6 13 13  4  4  3
  9  6  9 13 13  1  2  1  4  4  5  3  4  5  3  8 13 13  9  9 12 13 13 12  2
  1  4  4  3  5  5  3  4  4  4  6 12 12 12  6  8 13  9 10 10 13 13  1  2  1
  4  3  4  4  4  4  6  8  8  6 13  4  5  4  4  4 13 12  8  8  9  9 10 12 13
 11 12 13  1  1  3  3  4  4  4  4  3  4  4 13  3  4  4  4  4  9  9 13 13 13
 13  2  3  3  3  4  6  4  4  4  4  4  4  4  4  3  3  4  4  9  9  9  9 13  1
  2  4  3 12  6  8 13  8  4  4  3  4  3  9  9 10 12 12 12  2  2  2  4  4  4
  8 13 13 13  4  5  4  9  9 13 12 13 13]
test_Y len is 213Y_pred len is 213
[('5-4', 36), ('5-3', 13), ('12-13', 9), ('6-13', 8), ('10-9', 7), ('11-13', 6), ('6-8', 6), ('1-2', 6), ('6-4', 5), ('6-12', 4), ('2-4', 4), ('7-8', 3), ('7-13', 3), ('4-9', 3), ('11-12', 3), ('5-6', 2), ('4-13', 2), ('10-13', 2), ('6-3', 2), ('1-4', 1), ('2-3', 1), ('1-9', 1), ('11-10', 1), ('7-12', 1), ('11-4', 1), ('12-11', 1), ('2-1', 1), ('4-3', 1)]