0.192488262911
test_Y:
[11, 12, 1, 1, 1, 2, 4, 5, 5, 5, 5, 4, 5, 5, 5, 5, 5, 9, 10, 12, 11, 13, 4, 5, 5, 5, 4, 5, 5, 5, 4, 5, 5, 5, 4, 5, 5, 5, 1, 2, 4, 5, 5, 6, 6, 6, 6, 4, 5, 5, 4, 5, 1, 12, 12, 1, 1, 1, 1, 4, 5, 5, 4, 5, 6, 6, 7, 7, 9, 10, 12, 12, 11, 11, 1, 1, 2, 4, 5, 5, 5, 5, 5, 4, 6, 6, 6, 6, 6, 6, 7, 7, 9, 10, 11, 11, 12, 1, 1, 1, 2, 3, 4, 5, 5, 6, 6, 6, 6, 6, 6, 4, 5, 5, 6, 6, 6, 7, 7, 7, 9, 10, 10, 12, 12, 11, 11, 12, 1, 2, 2, 3, 4, 5, 5, 5, 5, 5, 5, 4, 5, 5, 5, 5, 5, 9, 10, 10, 11, 11, 12, 2, 4, 5, 5, 5, 5, 5, 5, 5, 5, 4, 5, 5, 5, 5, 5, 5, 5, 9, 9, 9, 10, 12, 1, 2, 4, 6, 6, 6, 6, 6, 6, 4, 5, 5, 5, 5, 9, 10, 10, 12, 11, 12, 1, 1, 2, 4, 5, 6, 6, 6, 6, 6, 4, 5, 5, 9, 10, 10, 12, 11, 12]
Y_pred:
[ 1  1  1  2  1  1  1  5  1  1  1  2  5  1  1  1  1  1  1  1  1 13  1  5  5
  5  1  5  5  5  1  5  5  5  1  5  5  5  1  1 13  1  1  6  1  1  1  5  1  1
  1  6  1  1  1  1  1  1  1  1  5  1  1  5  1  1  1  1  1  1  1  1  1  1  1
  1  1  1  1  5  1  2  1  1  1  6  1  1  1  6  1  1  1  1  5  1  1  1  2  1
  1  1  1  1  1  1  1  1  1  6  1  1  5  2  1  1  1  1  1  1  1  1  2  1  1
  1  1  1  1  1  2  1  1  1  1  1  1  1  1  1  1  1  1  1  1  1  1  1  1  1
  1  1  1  1  1  1  6  1  1  1  1  1  1  1  1  1  1  1  1  1  1  2  1  1  1
  1  1  1  1  1  1  1  1  1  1  1  1  1  1  1  1  1  1  1  1  1  1  1  1  1
  1  1  1  1  1  5  1  1  1  1  1  1  1]
test_Y len is 213Y_pred len is 213
[('5-1', 48), ('6-1', 28), ('4-1', 20), ('12-1', 16), ('10-1', 11), ('11-1', 11), ('9-1', 9), ('2-1', 8), ('7-1', 7), ('5-6', 2), ('5-2', 2), ('3-1', 2), ('1-2', 2), ('9-2', 1), ('4-2', 1), ('4-13', 1), ('4-5', 1), ('11-5', 1), ('10-2', 1)]