0.384976525822
test_Y:
[11, 12, 1, 1, 1, 2, 4, 5, 5, 5, 5, 4, 5, 5, 5, 5, 5, 9, 10, 12, 11, 13, 4, 5, 5, 5, 4, 5, 5, 5, 4, 5, 5, 5, 4, 5, 5, 5, 1, 2, 4, 5, 5, 6, 6, 6, 6, 4, 5, 5, 4, 5, 1, 12, 12, 1, 1, 1, 1, 4, 5, 5, 4, 5, 6, 6, 7, 7, 9, 10, 12, 12, 11, 11, 1, 1, 2, 4, 5, 5, 5, 5, 5, 4, 6, 6, 6, 6, 6, 6, 7, 7, 9, 10, 11, 11, 12, 1, 1, 1, 2, 3, 4, 5, 5, 6, 6, 6, 6, 6, 6, 4, 5, 5, 6, 6, 6, 7, 7, 7, 9, 10, 10, 12, 12, 11, 11, 12, 1, 2, 2, 3, 4, 5, 5, 5, 5, 5, 5, 4, 5, 5, 5, 5, 5, 9, 10, 10, 11, 11, 12, 2, 4, 5, 5, 5, 5, 5, 5, 5, 5, 4, 5, 5, 5, 5, 5, 5, 5, 9, 9, 9, 10, 12, 1, 2, 4, 6, 6, 6, 6, 6, 6, 4, 5, 5, 5, 5, 9, 10, 10, 12, 11, 12, 1, 1, 2, 4, 5, 6, 6, 6, 6, 6, 4, 5, 5, 9, 10, 10, 12, 11, 12]
Y_pred:
[11 12  1  1  1  1  1  5  6  5  4  2  5  5  6  6  5  2  5 12 11  1  1  1  1
  5  1  5  5  5  1  1  9  1 11 12 11 11  1  1  1  1  4  6  6  6  6  1  4  5
  1  6 12 11 13  1  1  1  1  1  1  6  4  5  6  6  1  4  1 11  1 12  5  5  1
  1  1  4  2  1  5  2  5  4  2  6  5  6  6  6  1  6  9  2  2 11 11  1  1  1
  1  1  1  4  1  6  1  5  6  6  6  1  5  5  5  5  6  6  5  6  1  2  4  9 12
 11 11 12  1  1  1  1  1  1  5  5  1  1  4  4  2  2  1  1  4  4  2  6 11 11
 11  1  1  1  2  1  1  1  5  5  5  4  5  6  1  6  6  1  4  1  2  6 11 11  1
  1  1  6  5  6  5  6  6  1  5  5  1  1  1  2  1  9  4 12  1  2  1  2  1  1
  6  6  6  6  4  1  6 10  4  9  1 12 11]
test_Y len is 213Y_pred len is 213
[('5-1', 23), ('4-1', 14), ('2-1', 9), ('5-6', 9), ('5-4', 7), ('6-5', 6), ('5-2', 5), ('12-11', 5), ('10-2', 4), ('9-1', 4), ('7-6', 3), ('12-9', 2), ('10-4', 2), ('7-1', 2), ('10-11', 2), ('11-5', 2), ('5-11', 2), ('12-1', 2), ('3-1', 2), ('9-2', 2), ('6-1', 2), ('4-2', 2), ('10-9', 1), ('4-11', 1), ('7-5', 1), ('5-9', 1), ('1-12', 1), ('12-13', 1), ('11-4', 1), ('10-6', 1), ('1-2', 1), ('9-6', 1), ('5-12', 1), ('9-10', 1), ('11-2', 1), ('10-5', 1), ('6-2', 1), ('11-12', 1), ('13-1', 1), ('9-4', 1), ('10-1', 1), ('7-4', 1)]