0.713615023474
test_Y:
[11, 12, 1, 1, 1, 2, 4, 5, 5, 5, 5, 4, 5, 5, 5, 5, 5, 9, 10, 12, 11, 13, 4, 5, 5, 5, 4, 5, 5, 5, 4, 5, 5, 5, 4, 5, 5, 5, 1, 2, 4, 5, 5, 6, 6, 6, 6, 4, 5, 5, 4, 5, 1, 12, 12, 1, 1, 1, 1, 4, 5, 5, 4, 5, 6, 6, 7, 7, 9, 10, 12, 12, 11, 11, 1, 1, 2, 4, 5, 5, 5, 5, 5, 4, 6, 6, 6, 6, 6, 6, 7, 7, 9, 10, 11, 11, 12, 1, 1, 1, 2, 3, 4, 5, 5, 6, 6, 6, 6, 6, 6, 4, 5, 5, 6, 6, 6, 7, 7, 7, 9, 10, 10, 12, 12, 11, 11, 12, 1, 2, 2, 3, 4, 5, 5, 5, 5, 5, 5, 4, 5, 5, 5, 5, 5, 9, 10, 10, 11, 11, 12, 2, 4, 5, 5, 5, 5, 5, 5, 5, 5, 4, 5, 5, 5, 5, 5, 5, 5, 9, 9, 9, 10, 12, 1, 2, 4, 6, 6, 6, 6, 6, 6, 4, 5, 5, 5, 5, 9, 10, 10, 12, 11, 12, 1, 1, 2, 4, 5, 6, 6, 6, 6, 6, 4, 5, 5, 9, 10, 10, 12, 11, 12]
Y_pred:
[11 12  1  1  1  3  4  5  5  5  6  4  5  5  5  6  5  9 10 12 11 13  4  5  5
  5  4  5  5  5 10 10 10 10 12 12  9 11  1  2  4  5  5  5  6  4  6  4  5  5
 10  6 11 11 11  1  1  1  2  4  5  6  4  5  6  6  6  4  9 10 12 12 11 11  1
  1  2  4  5  5  5  5  6  4  6  6  6  6  6  6  6  7  9 10 12 11 11  1  1  1
  2  1  4  5  4  6  6  5  6  6  7  4  5  5  5  6  6  6  7  7  9 10 10 12 12
 11 11 12  1  1  2  3  4  5  5  5  6  5  5  5  5  5  5  4  5  9 10 10 12 11
 11  1  1  2  2  3  2  4  5  5  6  5  5  5  5  5  5  5  5 10 10  9 12 11  1
  2  4  6  4  6  5  6  6  4  4  5  5  5  9 10 12 12 11 12  1  2  2  4  5  5
  5  6  7  6  4  5  5 10 10 10 12 11 11]
test_Y len is 213Y_pred len is 213
[('5-6', 7), ('12-11', 6), ('6-5', 6), ('5-4', 4), ('7-6', 3), ('5-10', 3), ('9-10', 3), ('5-2', 3), ('4-5', 2), ('6-7', 2), ('10-12', 2), ('2-1', 2), ('6-4', 2), ('1-2', 2), ('4-10', 2), ('11-12', 2), ('5-11', 1), ('7-4', 1), ('4-12', 1), ('5-3', 1), ('3-1', 1), ('4-1', 1), ('5-9', 1), ('2-3', 1), ('5-12', 1), ('1-11', 1)]
