**********************step=80**********************
0.826589595376
test_Y:
[2, 4, 5, 6, 6, 6, 6, 6, 4, 5, 5, 12, 1, 2, 4, 5, 6, 7, 4, 5, 6, 7, 9, 10, 12, 12, 11, 11, 12, 2, 1, 1, 1, 1, 5, 5, 4, 5, 5, 4, 6, 7, 7, 7, 10, 10, 12, 1, 2, 4, 5, 5, 6, 6, 6, 13, 4, 5, 5, 5, 5, 5, 9, 10, 12, 1, 1, 1, 2, 3, 4, 5, 5, 6, 6, 4, 5, 5, 6, 6, 9, 9, 10, 10, 10, 10, 12, 12, 11, 11, 1, 2, 4, 5, 5, 6, 7, 1, 1, 2, 4, 5, 6, 6, 6, 6, 7, 4, 5, 5, 5, 5, 9, 10, 10, 12, 4, 5, 5, 5, 5, 5, 5, 4, 5, 5, 6, 6, 6, 7, 7, 9, 10, 12, 11, 12, 13, 13, 13, 13, 13, 13, 13, 13, 13, 1, 1, 1, 1, 2, 4, 5, 5, 5, 5, 5, 5, 4, 5, 5, 6, 6, 6, 6, 7, 7, 7, 9, 10, 10, 10, 11, 12]
y_pred:
[ 1  4  5  6  6  6  6  6  4  5  6 12  1  1  4  5  6  6  4  5  6  6  9 10 12
 11 11 11 11  1  1  1  1  1  4  5  5  5  5  4  5  5  7 10  9 10 11  1  1  4
  5  5  6  6  6  6  4  5  5  5  5  5  9 10 11  1  1  1  2  3  4  5  5  6  6
  4  5  5  6  7  9  9 10 10 10 10 12 12 11 11  1  1  4  5  5  6  6  1  1  1
  4  5  6  6  6  6  6  4  5  5  5  7  9 10 10 12  1  5  5  5  5  5  5  4  5
  5  5  6  6  6  7  9 10 12 10 12  1 13 10 13 13 13 13 13 13  1  1  1  1  2
  4  5  5  5  5  5  5  4  5  5  6  6  6  6  7  7  7  9 10 10 10 11 12]
test_Y len is 173，and y_pred len is 173
**********************step=80**********************
0.843930635838
test_Y:
[2, 4, 5, 6, 6, 6, 6, 6, 4, 5, 5, 12, 1, 2, 4, 5, 6, 7, 4, 5, 6, 7, 9, 10, 12, 12, 11, 11, 12, 2, 1, 1, 1, 1, 5, 5, 4, 5, 5, 4, 6, 7, 7, 7, 10, 10, 12, 1, 2, 4, 5, 5, 6, 6, 6, 13, 4, 5, 5, 5, 5, 5, 9, 10, 12, 1, 1, 1, 2, 3, 4, 5, 5, 6, 6, 4, 5, 5, 6, 6, 9, 9, 10, 10, 10, 10, 12, 12, 11, 11, 1, 2, 4, 5, 5, 6, 7, 1, 1, 2, 4, 5, 6, 6, 6, 6, 7, 4, 5, 5, 5, 5, 9, 10, 10, 12, 4, 5, 5, 5, 5, 5, 5, 4, 5, 5, 6, 6, 6, 7, 7, 9, 10, 12, 11, 12, 13, 13, 13, 13, 13, 13, 13, 13, 13, 1, 1, 1, 1, 2, 4, 5, 5, 5, 5, 5, 5, 4, 5, 5, 6, 6, 6, 6, 7, 7, 7, 9, 10, 10, 10, 11, 12]
y_pred:
[ 2  4  5  6  6  6  6  6  4  5  6 12  1  1  4  5  6  6  4  5  6  7  9 10 12
 13 11 11 11  2  1  1  1  1  4  5  5  5  5  4  6  5  7  7  9 10 11  1  1  4
  5  5  6  6  6  5  4  5  5  6  5  5  9 10 11  1  1  1  2  3  4  5  5  6  6
  4  5  5  6  6  9 10 10 10 10 10 12 12 11 11  1  1  4  5  5  6  6  1  1  1
  4  5  6  6  6  6  6  4  5  5  5  7  9 10 10 12  1  5  5  5  5  5  5  4  4
  5  5  6  6  6  7  9 10 12 10 12  1 10 13 13 13 13 13 13 13  1  1  1  1  2
  4  5  5  5  5  5  5  4  5  5  6  6  6  6  7  7  7  9 10 10 10 11 12]
test_Y len is 173，and y_pred len is 173
**********************step=80**********************
0.797687861272
test_Y:
[2, 4, 5, 6, 6, 6, 6, 6, 4, 5, 5, 12, 1, 2, 4, 5, 6, 7, 4, 5, 6, 7, 9, 10, 12, 12, 11, 11, 12, 2, 1, 1, 1, 1, 5, 5, 4, 5, 5, 4, 6, 7, 7, 7, 10, 10, 12, 1, 2, 4, 5, 5, 6, 6, 6, 13, 4, 5, 5, 5, 5, 5, 9, 10, 12, 1, 1, 1, 2, 3, 4, 5, 5, 6, 6, 4, 5, 5, 6, 6, 9, 9, 10, 10, 10, 10, 12, 12, 11, 11, 1, 2, 4, 5, 5, 6, 7, 1, 1, 2, 4, 5, 6, 6, 6, 6, 7, 4, 5, 5, 5, 5, 9, 10, 10, 12, 4, 5, 5, 5, 5, 5, 5, 4, 5, 5, 6, 6, 6, 7, 7, 9, 10, 12, 11, 12, 13, 13, 13, 13, 13, 13, 13, 13, 13, 1, 1, 1, 1, 2, 4, 5, 5, 5, 5, 5, 5, 4, 5, 5, 6, 6, 6, 6, 7, 7, 7, 9, 10, 10, 10, 11, 12]
y_pred:
[ 1  4  5  6  6  5  6  6  4  5  6 12  1  1  4  5  6  6  4  5  6  5  9 10 12
 13 11 11 11  1  1  1  1  3  4  5  5  5  5  4  5  5  7  7  9 10 11  1  1  4
  5  5  6  6  6  5  4  5  5  5  5  5  9 10 11  1  1  1  2  3  4  5  5  6  5
  4  5  5  6  7  9 10 10 10 10 10 12 12 12 11  1  1  4  5  5  5  6  1  1  1
  4  5  6  6  6  6  6  4  5  5  5  5  9 10 12 11  1  5  5  5  5  5  5  4  5
  5  5  6  6  5  7  9 10 12 10 12  1 13 13 13 13 13 13 13 13  1  1  1  1  2
  4  5  5  5  5  5  5  4  5  5  6  6  6  6  7  7  7  9 10 10 10 11 12]
test_Y len is 173，and y_pred len is 173
**********************step=80**********************
0.832369942197
test_Y:
[2, 4, 5, 6, 6, 6, 6, 6, 4, 5, 5, 12, 1, 2, 4, 5, 6, 7, 4, 5, 6, 7, 9, 10, 12, 12, 11, 11, 12, 2, 1, 1, 1, 1, 5, 5, 4, 5, 5, 4, 6, 7, 7, 7, 10, 10, 12, 1, 2, 4, 5, 5, 6, 6, 6, 13, 4, 5, 5, 5, 5, 5, 9, 10, 12, 1, 1, 1, 2, 3, 4, 5, 5, 6, 6, 4, 5, 5, 6, 6, 9, 9, 10, 10, 10, 10, 12, 12, 11, 11, 1, 2, 4, 5, 5, 6, 7, 1, 1, 2, 4, 5, 6, 6, 6, 6, 7, 4, 5, 5, 5, 5, 9, 10, 10, 12, 4, 5, 5, 5, 5, 5, 5, 4, 5, 5, 6, 6, 6, 7, 7, 9, 10, 12, 11, 12, 13, 13, 13, 13, 13, 13, 13, 13, 13, 1, 1, 1, 1, 2, 4, 5, 5, 5, 5, 5, 5, 4, 5, 5, 6, 6, 6, 6, 7, 7, 7, 9, 10, 10, 10, 11, 12]
y_pred:
[ 1  4  5  6  6  6  6  6  4  5  5 12  1  1  4  5  6  6  4  5  5  5  9 10 12
 11 11 11 11  2  1  1  1  3  4  5  5  5  5  4  5  5  7  7  9 10 12  1  1  4
  5  5  6  6  6  5  4  5  5  5  5  5  9 10 11  1  1  1  2  3  4  5  5  5  6
  4  5  5  6  6  9  9 10 10 10 10 12 12 11 11  1  1  4  5  5  5  6  1  1  1
  4  5  6  6  6  6  6  4  5  5  5  7  9 10 12 11  1  5  5  5  5  5  5  4  5
  5  5  6  6  7  7  9 10 12 10 12  1 13 13 13 13 13 13 13 13  1  1  1  1  2
  4  5  5  5  5  5  5  4  5  5  6  6  6  6  7  7  7  9 10 10 10 11 12]
test_Y len is 173，and y_pred len is 173
**********************step=80**********************
0.820809248555
test_Y:
[2, 4, 5, 6, 6, 6, 6, 6, 4, 5, 5, 12, 1, 2, 4, 5, 6, 7, 4, 5, 6, 7, 9, 10, 12, 12, 11, 11, 12, 2, 1, 1, 1, 1, 5, 5, 4, 5, 5, 4, 6, 7, 7, 7, 10, 10, 12, 1, 2, 4, 5, 5, 6, 6, 6, 13, 4, 5, 5, 5, 5, 5, 9, 10, 12, 1, 1, 1, 2, 3, 4, 5, 5, 6, 6, 4, 5, 5, 6, 6, 9, 9, 10, 10, 10, 10, 12, 12, 11, 11, 1, 2, 4, 5, 5, 6, 7, 1, 1, 2, 4, 5, 6, 6, 6, 6, 7, 4, 5, 5, 5, 5, 9, 10, 10, 12, 4, 5, 5, 5, 5, 5, 5, 4, 5, 5, 6, 6, 6, 7, 7, 9, 10, 12, 11, 12, 13, 13, 13, 13, 13, 13, 13, 13, 13, 1, 1, 1, 1, 2, 4, 5, 5, 5, 5, 5, 5, 4, 5, 5, 6, 6, 6, 6, 7, 7, 7, 9, 10, 10, 10, 11, 12]
y_pred:
[ 1  4  5  6  6  5  6  6  4  5  6 12  1  1  4  5  6  6  4  5  6  7  9 10 12
 13 11 11 11  1  1  1  1  3  4  5  5  5  5  4  5  6  5  7  9 10 11  1  1  4
  5  5  6  6  6  5  4  5  5  5  5  5  9 10 11  1  1  1  2  3  4  5  5  6  6
  4  5  5  6  6  9 10 10 10 10 10 12 12 11 11  1  1  4  5  5  6  5  1  1  1
  4  5  6  6  6  6  6  4  5  6  5  7  9 10 10 11  1  5  5  5  5  5  5  4  5
  5  5  6  6  6  7  9 10 12 11 12  1 13 13 13 13 13 13 13 13  1  1  1  1  2
  4  5  5  5  5  5  5  4  5  5  6  6  6  6  7  7  7  9 10 10 10 11 12]
test_Y len is 173，and y_pred len is 173
**********************step=80**********************
0.820809248555
test_Y:
[2, 4, 5, 6, 6, 6, 6, 6, 4, 5, 5, 12, 1, 2, 4, 5, 6, 7, 4, 5, 6, 7, 9, 10, 12, 12, 11, 11, 12, 2, 1, 1, 1, 1, 5, 5, 4, 5, 5, 4, 6, 7, 7, 7, 10, 10, 12, 1, 2, 4, 5, 5, 6, 6, 6, 13, 4, 5, 5, 5, 5, 5, 9, 10, 12, 1, 1, 1, 2, 3, 4, 5, 5, 6, 6, 4, 5, 5, 6, 6, 9, 9, 10, 10, 10, 10, 12, 12, 11, 11, 1, 2, 4, 5, 5, 6, 7, 1, 1, 2, 4, 5, 6, 6, 6, 6, 7, 4, 5, 5, 5, 5, 9, 10, 10, 12, 4, 5, 5, 5, 5, 5, 5, 4, 5, 5, 6, 6, 6, 7, 7, 9, 10, 12, 11, 12, 13, 13, 13, 13, 13, 13, 13, 13, 13, 1, 1, 1, 1, 2, 4, 5, 5, 5, 5, 5, 5, 4, 5, 5, 6, 6, 6, 6, 7, 7, 7, 9, 10, 10, 10, 11, 12]
y_pred:
[ 1  4  4  6  6  6  6  6  4  5  5  4  1  1  4  5  6  6  4  5  6  7  9 10 12
 11 11 11 11  2  1  1  1  1  4  5  5  5  5  4  5  5  5  7  9 10 11  1  1  4
  5  5  6  6  6  6  4  5  5  5  5  5  9 10 11  1  1  1  2  3  4  5  5  6  5
  4  5  5  6  6  9 10 10 10 10 10 12 12 11 11  1  1  4  5  5  5  6  1  1  1
  4  5  6  6  6  6  6  4  5  5  5  5  9 10 12 12  1  5  5  5  5  5  5  4  5
  5  5  6  6  6  5  9 10 12 10 12  1 13 13 13 13 13 13 13 13  1  1  1  1  2
  4  5  5  5  5  5  5  4  5  5  6  6  6  6  7  7  7  9 10 10 10 11 12]
test_Y len is 173，and y_pred len is 173
**********************step=80**********************
0.826589595376
test_Y:
[2, 4, 5, 6, 6, 6, 6, 6, 4, 5, 5, 12, 1, 2, 4, 5, 6, 7, 4, 5, 6, 7, 9, 10, 12, 12, 11, 11, 12, 2, 1, 1, 1, 1, 5, 5, 4, 5, 5, 4, 6, 7, 7, 7, 10, 10, 12, 1, 2, 4, 5, 5, 6, 6, 6, 13, 4, 5, 5, 5, 5, 5, 9, 10, 12, 1, 1, 1, 2, 3, 4, 5, 5, 6, 6, 4, 5, 5, 6, 6, 9, 9, 10, 10, 10, 10, 12, 12, 11, 11, 1, 2, 4, 5, 5, 6, 7, 1, 1, 2, 4, 5, 6, 6, 6, 6, 7, 4, 5, 5, 5, 5, 9, 10, 10, 12, 4, 5, 5, 5, 5, 5, 5, 4, 5, 5, 6, 6, 6, 7, 7, 9, 10, 12, 11, 12, 13, 13, 13, 13, 13, 13, 13, 13, 13, 1, 1, 1, 1, 2, 4, 5, 5, 5, 5, 5, 5, 4, 5, 5, 6, 6, 6, 6, 7, 7, 7, 9, 10, 10, 10, 11, 12]
y_pred:
[ 1  4  5  6  6  6  6  6  4  5  6 12  1  1  4  5  6  6  4  5  5  6  9 10 12
 13 11 11 11  1  1  1  1  1  5  5  5  5  5  4  5  6  7  7  9 10 11  1  1  4
  5  5  6  6  6  5  4  5  5  5  5  5  9 10 11  1  1  1  2  3  4  5  5  6  6
  4  5  5  6  6  9 10 10 10 10 10 12 12 11 11  1  1  4  5  5  5  6  1  1  1
  4  5  6  6  6  6  6  4  5  6  5  7  9 10 10 12  1  5  5  5  5  5  5  4  5
  5  5  6  6  5  7  9 10 12 10 12  1 13 13 13 13 13 13 13 13  1  1  1  1  2
  4  5  5  5  5  5  5  4  5  5  6  6  6  6  7  7  7  9 10 10 10 11 12]
test_Y len is 173，and y_pred len is 173
**********************step=80**********************
0.820809248555
test_Y:
[2, 4, 5, 6, 6, 6, 6, 6, 4, 5, 5, 12, 1, 2, 4, 5, 6, 7, 4, 5, 6, 7, 9, 10, 12, 12, 11, 11, 12, 2, 1, 1, 1, 1, 5, 5, 4, 5, 5, 4, 6, 7, 7, 7, 10, 10, 12, 1, 2, 4, 5, 5, 6, 6, 6, 13, 4, 5, 5, 5, 5, 5, 9, 10, 12, 1, 1, 1, 2, 3, 4, 5, 5, 6, 6, 4, 5, 5, 6, 6, 9, 9, 10, 10, 10, 10, 12, 12, 11, 11, 1, 2, 4, 5, 5, 6, 7, 1, 1, 2, 4, 5, 6, 6, 6, 6, 7, 4, 5, 5, 5, 5, 9, 10, 10, 12, 4, 5, 5, 5, 5, 5, 5, 4, 5, 5, 6, 6, 6, 7, 7, 9, 10, 12, 11, 12, 13, 13, 13, 13, 13, 13, 13, 13, 13, 1, 1, 1, 1, 2, 4, 5, 5, 5, 5, 5, 5, 4, 5, 5, 6, 6, 6, 6, 7, 7, 7, 9, 10, 10, 10, 11, 12]
y_pred:
[ 1  4  5  6  6  6  6  6  4  5  5 12  1  1  4  5  6  6  4  5  6  7  9 10 12
 13 11 11 11  2  1  1  1  1  4  5  5  5  5  4  5  5  7  7  9 10 11  1  1  4
  5  5  6  6  6  5  4  5  5  5  5  5  9 10 11  1  1  1  2  3  4  5  5  6  6
  4  5  5  6  7  9 10 10 10 10 10 12 12 12 11  1  1  4  5  5  5  5  1  1  1
  4  5  6  5  6  6  6  4  5  5  5  7  9 10 10 11  1  5  5  5  5  5  5  4  5
  5  5  6  6  6  7  9 10 12 10 12  1 13 10 13 13 13 13 13 13  1  1  1  1  2
  4  5  5  5  5  5  5  4  5  5  6  6  6  6  7  7  7  9 10 10 10 11 12]
test_Y len is 173，and y_pred len is 173
**********************step=80**********************
0.843930635838
test_Y:
[2, 4, 5, 6, 6, 6, 6, 6, 4, 5, 5, 12, 1, 2, 4, 5, 6, 7, 4, 5, 6, 7, 9, 10, 12, 12, 11, 11, 12, 2, 1, 1, 1, 1, 5, 5, 4, 5, 5, 4, 6, 7, 7, 7, 10, 10, 12, 1, 2, 4, 5, 5, 6, 6, 6, 13, 4, 5, 5, 5, 5, 5, 9, 10, 12, 1, 1, 1, 2, 3, 4, 5, 5, 6, 6, 4, 5, 5, 6, 6, 9, 9, 10, 10, 10, 10, 12, 12, 11, 11, 1, 2, 4, 5, 5, 6, 7, 1, 1, 2, 4, 5, 6, 6, 6, 6, 7, 4, 5, 5, 5, 5, 9, 10, 10, 12, 4, 5, 5, 5, 5, 5, 5, 4, 5, 5, 6, 6, 6, 7, 7, 9, 10, 12, 11, 12, 13, 13, 13, 13, 13, 13, 13, 13, 13, 1, 1, 1, 1, 2, 4, 5, 5, 5, 5, 5, 5, 4, 5, 5, 6, 6, 6, 6, 7, 7, 7, 9, 10, 10, 10, 11, 12]
y_pred:
[ 1  4  5  6  6  6  6  6  4  5  5 12  1  1  4  5  6  6  4  5  5  5  9 10 12
 13 11 11 11  1  1  1  1  1  4  5  5  5  5  4  6  6  7  7  9 10 11  1  1  4
  5  5  6  6  6  6  4  5  5  5  5  5  9 10 11  1  1  1  2  3  4  5  5  6  6
  4  5  5  6  6  9  9 10 10 10 10 12 12 12 12  1  1  4  5  5  6  5  1  1  1
  4  5  6  6  6  6  6  4  5  5  5  5  9 10 10 12  1  5  5  5  5  5  5  4  5
  5  5  6  6  6  7  9 10 12 10 12  1 13 13 13 13 13 13 13 13  1  1  1  1  2
  4  5  5  5  5  5  5  4  5  5  6  6  6  6  7  7  7  9 10 10 10 11 12]
test_Y len is 173，and y_pred len is 173
**********************step=80**********************
0.85549132948
test_Y:
[2, 4, 5, 6, 6, 6, 6, 6, 4, 5, 5, 12, 1, 2, 4, 5, 6, 7, 4, 5, 6, 7, 9, 10, 12, 12, 11, 11, 12, 2, 1, 1, 1, 1, 5, 5, 4, 5, 5, 4, 6, 7, 7, 7, 10, 10, 12, 1, 2, 4, 5, 5, 6, 6, 6, 13, 4, 5, 5, 5, 5, 5, 9, 10, 12, 1, 1, 1, 2, 3, 4, 5, 5, 6, 6, 4, 5, 5, 6, 6, 9, 9, 10, 10, 10, 10, 12, 12, 11, 11, 1, 2, 4, 5, 5, 6, 7, 1, 1, 2, 4, 5, 6, 6, 6, 6, 7, 4, 5, 5, 5, 5, 9, 10, 10, 12, 4, 5, 5, 5, 5, 5, 5, 4, 5, 5, 6, 6, 6, 7, 7, 9, 10, 12, 11, 12, 13, 13, 13, 13, 13, 13, 13, 13, 13, 1, 1, 1, 1, 2, 4, 5, 5, 5, 5, 5, 5, 4, 5, 5, 6, 6, 6, 6, 7, 7, 7, 9, 10, 10, 10, 11, 12]
y_pred:
[ 1  4  5  6  6  6  6  5  4  5  5  4  1  1  4  5  6  6  4  5  6  7  9 10 12
 12 12 11 11  2  1  1  1  1  5  5  5  5  5  4  5  5  5  7  9 10 12  1  1  4
  5  5  6  6  6  5  4  5  5  5  5  5  9 10 11  1  1  1  2  3  4  5  5  6  5
  4  5  5  6  7  9  9 10 10 10 10 12 12 11 11  1  1  4  5  5  6  6  1  1  2
  4  5  6  6  6  6  6  4  5  5  5  5  9 10 10 12  1  5  5  5  5  5  5  4  5
  5  5  6  6  5  7  9 10 12 10 12  1 13 13 13 13 13 13 13 13  1  1  1  1  2
  4  5  5  5  5  5  5  4  5  5  6  6  6  6  7  7  7  9 10 10 10 11 12]
test_Y len is 173，and y_pred len is 173
**********************step=10**********************
0.722543352601
test_Y:
[2, 4, 5, 6, 6, 6, 6, 6, 4, 5, 5, 12, 1, 2, 4, 5, 6, 7, 4, 5, 6, 7, 9, 10, 12, 12, 11, 11, 12, 2, 1, 1, 1, 1, 5, 5, 4, 5, 5, 4, 6, 7, 7, 7, 10, 10, 12, 1, 2, 4, 5, 5, 6, 6, 6, 13, 4, 5, 5, 5, 5, 5, 9, 10, 12, 1, 1, 1, 2, 3, 4, 5, 5, 6, 6, 4, 5, 5, 6, 6, 9, 9, 10, 10, 10, 10, 12, 12, 11, 11, 1, 2, 4, 5, 5, 6, 7, 1, 1, 2, 4, 5, 6, 6, 6, 6, 7, 4, 5, 5, 5, 5, 9, 10, 10, 12, 4, 5, 5, 5, 5, 5, 5, 4, 5, 5, 6, 6, 6, 7, 7, 9, 10, 12, 11, 12, 13, 13, 13, 13, 13, 13, 13, 13, 13, 1, 1, 1, 1, 2, 4, 5, 5, 5, 5, 5, 5, 4, 5, 5, 6, 6, 6, 6, 7, 7, 7, 9, 10, 10, 10, 11, 12]
y_pred:
[ 1  4  5  6  6  5  5  5  4  5  6 12  1  3  4  5  6  6  4  5  6  7  9 10 12
 13 11 11 11  2  1  1  1  5  4  5  5  5  5  4  5  6  4  7  5 11 11  1  1  4
  5  5  6  6  6  5  4  5  5  5  5  5  9 10 11  1  1  1  2  3  4  5  5  5  5
  4  4  5  6  7  9  9 10 11 10  7 12 12 10 11  1  2  4  5  5  5 13  1  1  1
  4  5  5  5  5  6  6  4  5  5  5  7  5  9 10 11  4  5  5  5  5  5  3  4  5
  5  5  5  6  5  7  9 10 12 10 12  7 13 13 13 13 13 13 13 13  1  1  1  1  2
  4  5  5  5  5  5  5  4  5  5  6  7  6  6  6  7  7  9 10 10 11 11 12]
test_Y len is 173，and y_pred len is 173
**********************step=10**********************
0.687861271676
test_Y:
[2, 4, 5, 6, 6, 6, 6, 6, 4, 5, 5, 12, 1, 2, 4, 5, 6, 7, 4, 5, 6, 7, 9, 10, 12, 12, 11, 11, 12, 2, 1, 1, 1, 1, 5, 5, 4, 5, 5, 4, 6, 7, 7, 7, 10, 10, 12, 1, 2, 4, 5, 5, 6, 6, 6, 13, 4, 5, 5, 5, 5, 5, 9, 10, 12, 1, 1, 1, 2, 3, 4, 5, 5, 6, 6, 4, 5, 5, 6, 6, 9, 9, 10, 10, 10, 10, 12, 12, 11, 11, 1, 2, 4, 5, 5, 6, 7, 1, 1, 2, 4, 5, 6, 6, 6, 6, 7, 4, 5, 5, 5, 5, 9, 10, 10, 12, 4, 5, 5, 5, 5, 5, 5, 4, 5, 5, 6, 6, 6, 7, 7, 9, 10, 12, 11, 12, 13, 13, 13, 13, 13, 13, 13, 13, 13, 1, 1, 1, 1, 2, 4, 5, 5, 5, 5, 5, 5, 4, 5, 5, 6, 6, 6, 6, 7, 7, 7, 9, 10, 10, 10, 11, 12]
y_pred:
[ 4  4  5  6  6  7  5  5  4  5  7 12  1  1  4  5  6  5  4  5  6  6  9 10 12
 10 11 10 12  1  1  1  1  1  1  5  5  4  5  4  6  5  7  6  9 10 11  1  1  4
  5  5  6  6  6  5  4  5  5  5  5  5  5 10 11  1  1  1  2  3  4  5  5  5  5
  5  5  4  6  6  9 10 10 10 10  4 12 12 12 11  1  1  4  5  5  5  4  1  1  1
  4  5  6  5  6  6  6  4  5  5  5  7 10 10 12 11  1  5  5  5  5  5  3  4  5
  5  5  6  6  5  6  9 10 12 10 12  1 10 10  6 10  4 13 13 13  1  1  1  1  1
  4  5  5  5  5  5  5  4  5  5  6  6  6  6  7  7  6  9 10 10 12 11 12]
test_Y len is 173，and y_pred len is 173
**********************step=10**********************
0.751445086705
test_Y:
[2, 4, 5, 6, 6, 6, 6, 6, 4, 5, 5, 12, 1, 2, 4, 5, 6, 7, 4, 5, 6, 7, 9, 10, 12, 12, 11, 11, 12, 2, 1, 1, 1, 1, 5, 5, 4, 5, 5, 4, 6, 7, 7, 7, 10, 10, 12, 1, 2, 4, 5, 5, 6, 6, 6, 13, 4, 5, 5, 5, 5, 5, 9, 10, 12, 1, 1, 1, 2, 3, 4, 5, 5, 6, 6, 4, 5, 5, 6, 6, 9, 9, 10, 10, 10, 10, 12, 12, 11, 11, 1, 2, 4, 5, 5, 6, 7, 1, 1, 2, 4, 5, 6, 6, 6, 6, 7, 4, 5, 5, 5, 5, 9, 10, 10, 12, 4, 5, 5, 5, 5, 5, 5, 4, 5, 5, 6, 6, 6, 7, 7, 9, 10, 12, 11, 12, 13, 13, 13, 13, 13, 13, 13, 13, 13, 1, 1, 1, 1, 2, 4, 5, 5, 5, 5, 5, 5, 4, 5, 5, 6, 6, 6, 6, 7, 7, 7, 9, 10, 10, 10, 11, 12]
y_pred:
[ 4  4  5  6  6  6  6  6  4  5  6  1  1  1  4  5  6  6  4  5  6  6  9 10 12
 11 11 11 11  1  1  1  1  1  1  5  5  5  5  4  6  6  7  5  9 10 11  1  1  4
  5  5  5  6  6 12  4  5  5  5  5  5  9 10 11  1  1  1  2  2  4  5  5  6  6
  4  5  5  6  6  9 10  9 10 12 10 10 12 11 12  1  1  4  5  5  6  5  1  1  1
  4  5  6  6  6  6  6  4  6  5  5  5  9 10  9 12  1  5  5  5  5  5  3  4  5
  5  5  6  6  6  5  9 10 12 12 12  1  4  5 13  6  4 13 13 13  1  1  1  1  2
  4  5  5  5  5  5  5  4  5  5  6  6  6  6  7  7  7  9 10 10 10 11 11]
test_Y len is 173，and y_pred len is 173
**********************step=15**********************
0.763005780347
test_Y:
[2, 4, 5, 6, 6, 6, 6, 6, 4, 5, 5, 12, 1, 2, 4, 5, 6, 7, 4, 5, 6, 7, 9, 10, 12, 12, 11, 11, 12, 2, 1, 1, 1, 1, 5, 5, 4, 5, 5, 4, 6, 7, 7, 7, 10, 10, 12, 1, 2, 4, 5, 5, 6, 6, 6, 13, 4, 5, 5, 5, 5, 5, 9, 10, 12, 1, 1, 1, 2, 3, 4, 5, 5, 6, 6, 4, 5, 5, 6, 6, 9, 9, 10, 10, 10, 10, 12, 12, 11, 11, 1, 2, 4, 5, 5, 6, 7, 1, 1, 2, 4, 5, 6, 6, 6, 6, 7, 4, 5, 5, 5, 5, 9, 10, 10, 12, 4, 5, 5, 5, 5, 5, 5, 4, 5, 5, 6, 6, 6, 7, 7, 9, 10, 12, 11, 12, 13, 13, 13, 13, 13, 13, 13, 13, 13, 1, 1, 1, 1, 2, 4, 5, 5, 5, 5, 5, 5, 4, 5, 5, 6, 6, 6, 6, 7, 7, 7, 9, 10, 10, 10, 11, 12]
y_pred:
[ 1  4  5  6  7  6  5  5  4  4  7 12  1  1  4  5  6  6  4  5  5  7  9 10 12
 13  9 11 11  1  1  1  1  1  5  5  5  5  5  4  5  5  5  7 10 10 12  1  1  4
  5  5  6  6  6  5  4  5  5  5  5  5  9 10 11  1  1  1  2  3  4  5  4  6  5
  4  5  5  6  6  9 10 10 10 10 10 12 12 11 11  1  1  4  5  5  7  4  1  1  1
  5  4  6  6  6  6  6  4  5  5  5  7  9 10 10 12  1  5  5  5  5  5  3  4  4
  5  6  6  7  7  6  9 10 12 11 12  1  1  1 13 13  7 13 13 13  1  1  1  1  2
  4  5  5  5  5  5  2  4  5  5  6  6  6  6  7  7  7  9 10 10 10 11 12]
test_Y len is 173，and y_pred len is 173
**********************step=15**********************
0.682080924855
test_Y:
[2, 4, 5, 6, 6, 6, 6, 6, 4, 5, 5, 12, 1, 2, 4, 5, 6, 7, 4, 5, 6, 7, 9, 10, 12, 12, 11, 11, 12, 2, 1, 1, 1, 1, 5, 5, 4, 5, 5, 4, 6, 7, 7, 7, 10, 10, 12, 1, 2, 4, 5, 5, 6, 6, 6, 13, 4, 5, 5, 5, 5, 5, 9, 10, 12, 1, 1, 1, 2, 3, 4, 5, 5, 6, 6, 4, 5, 5, 6, 6, 9, 9, 10, 10, 10, 10, 12, 12, 11, 11, 1, 2, 4, 5, 5, 6, 7, 1, 1, 2, 4, 5, 6, 6, 6, 6, 7, 4, 5, 5, 5, 5, 9, 10, 10, 12, 4, 5, 5, 5, 5, 5, 5, 4, 5, 5, 6, 6, 6, 7, 7, 9, 10, 12, 11, 12, 13, 13, 13, 13, 13, 13, 13, 13, 13, 1, 1, 1, 1, 2, 4, 5, 5, 5, 5, 5, 5, 4, 5, 5, 6, 6, 6, 6, 7, 7, 7, 9, 10, 10, 10, 11, 12]
y_pred:
[ 1  5  5  6  6  5  5  5  4  5 10  5  1  1  4  5  6  5  4  5  6  7  9 10 12
 13 12 11 11  1  1  1  1  3  4  5  5  5  5  4  5  6  5  5  5 10 11  1  1  4
  5  5  6  6  6  6  4  5  5  5  5  5  9 10 11  1  1  1  2  2  4  5  5  6  5
  5  5  5  6  7  9  6 10 12 10 12 12 12 12 11  1  1  4  5  5  6  5  1  1  1
  5  4  6  7  6  6  6  4  5  5  5  7  9 10 10 11  1  5  5  5  1  5  5  4  4
  5  5  6  6  5  5  9 10 12 11 12  1 13 13 13  5  4 13 13 13  1  1  1  1  2
  4  5  5  5  5  4  4  4  5  5  6  6  6  6  7  6  7  9 10 10 12 11 12]
test_Y len is 173，and y_pred len is 173
**********************step=15**********************
0.78612716763
test_Y:
[2, 4, 5, 6, 6, 6, 6, 6, 4, 5, 5, 12, 1, 2, 4, 5, 6, 7, 4, 5, 6, 7, 9, 10, 12, 12, 11, 11, 12, 2, 1, 1, 1, 1, 5, 5, 4, 5, 5, 4, 6, 7, 7, 7, 10, 10, 12, 1, 2, 4, 5, 5, 6, 6, 6, 13, 4, 5, 5, 5, 5, 5, 9, 10, 12, 1, 1, 1, 2, 3, 4, 5, 5, 6, 6, 4, 5, 5, 6, 6, 9, 9, 10, 10, 10, 10, 12, 12, 11, 11, 1, 2, 4, 5, 5, 6, 7, 1, 1, 2, 4, 5, 6, 6, 6, 6, 7, 4, 5, 5, 5, 5, 9, 10, 10, 12, 4, 5, 5, 5, 5, 5, 5, 4, 5, 5, 6, 6, 6, 7, 7, 9, 10, 12, 11, 12, 13, 13, 13, 13, 13, 13, 13, 13, 13, 1, 1, 1, 1, 2, 4, 5, 5, 5, 5, 5, 5, 4, 5, 5, 6, 6, 6, 6, 7, 7, 7, 9, 10, 10, 10, 11, 12]
y_pred:
[ 1  4  5  6  5  6  6  6  4  5  5  4  1  1  4  5  6  6  4  5  5  7  9 10 12
 13 11 11 12  2  1  1  1  2  4  5  5  5  5  4  5  5  7  5  9 10 11  1  1  4
  5  5  6  6  6  5  4  5  5  5  5  6  9 10 11  1  1  1  2  3  4  5  5  5  6
  4  5  5  6  6  9 10 10 10 10 13 12 12 11 11  1  1  4  5  5  6  6  1  1  2
  4  5  6  6  6  6  6  4  5  5  5  5  5  9 10 12  1  5  5  5  5  5  5  4  4
  5  5  6  7  5  7  9 10 12 11 12  2  5 11  5 13 13 13 13 13  1  1  1  1  2
  4  5  5  5  5  5  5  4  5  5  6  6  6  6  7  7  7  9 10 10 10 10 12]
test_Y len is 173，and y_pred len is 173
**********************step=20**********************
0.751445086705
test_Y:
[2, 4, 5, 6, 6, 6, 6, 6, 4, 5, 5, 12, 1, 2, 4, 5, 6, 7, 4, 5, 6, 7, 9, 10, 12, 12, 11, 11, 12, 2, 1, 1, 1, 1, 5, 5, 4, 5, 5, 4, 6, 7, 7, 7, 10, 10, 12, 1, 2, 4, 5, 5, 6, 6, 6, 13, 4, 5, 5, 5, 5, 5, 9, 10, 12, 1, 1, 1, 2, 3, 4, 5, 5, 6, 6, 4, 5, 5, 6, 6, 9, 9, 10, 10, 10, 10, 12, 12, 11, 11, 1, 2, 4, 5, 5, 6, 7, 1, 1, 2, 4, 5, 6, 6, 6, 6, 7, 4, 5, 5, 5, 5, 9, 10, 10, 12, 4, 5, 5, 5, 5, 5, 5, 4, 5, 5, 6, 6, 6, 7, 7, 9, 10, 12, 11, 12, 13, 13, 13, 13, 13, 13, 13, 13, 13, 1, 1, 1, 1, 2, 4, 5, 5, 5, 5, 5, 5, 4, 5, 5, 6, 6, 6, 6, 7, 7, 7, 9, 10, 10, 10, 11, 12]
y_pred:
[ 1  4  5  6  5  7  6  6  4  5  6 12  1  1  4  5  6  7  4  5  6  5  9 10 12
 13 11 11 11  1  1  1  1  2  1  5  5  5  5  4  5  6  7 10  9 10 11  1  1  4
  5  5  6  6  6  5  4  5  5  5  5  5  9 10 11  1  1  1  2  3  4  5  5  6  6
  4  5  5  6  6  9  9 10 12 10 11 12 12 12 12  1  1  4  5  5  6  3  1  1  2
  5  5  6  6  6  6  6  4  5  5  5  7  9  9 10 12  1  5  5  5  5  5  1  4  5
  5  6  6  6  5  5  9 10 12 10 12  1  6  1  5  7 13 13 13 12  1  1  1  1  2
  4  5  5  5  5  5  5  4  5  5  6  6  6  6  7  6  5  9 10 10 10 11 12]
test_Y len is 173，and y_pred len is 173
**********************step=20**********************
0.78612716763
test_Y:
[2, 4, 5, 6, 6, 6, 6, 6, 4, 5, 5, 12, 1, 2, 4, 5, 6, 7, 4, 5, 6, 7, 9, 10, 12, 12, 11, 11, 12, 2, 1, 1, 1, 1, 5, 5, 4, 5, 5, 4, 6, 7, 7, 7, 10, 10, 12, 1, 2, 4, 5, 5, 6, 6, 6, 13, 4, 5, 5, 5, 5, 5, 9, 10, 12, 1, 1, 1, 2, 3, 4, 5, 5, 6, 6, 4, 5, 5, 6, 6, 9, 9, 10, 10, 10, 10, 12, 12, 11, 11, 1, 2, 4, 5, 5, 6, 7, 1, 1, 2, 4, 5, 6, 6, 6, 6, 7, 4, 5, 5, 5, 5, 9, 10, 10, 12, 4, 5, 5, 5, 5, 5, 5, 4, 5, 5, 6, 6, 6, 7, 7, 9, 10, 12, 11, 12, 13, 13, 13, 13, 13, 13, 13, 13, 13, 1, 1, 1, 1, 2, 4, 5, 5, 5, 5, 5, 5, 4, 5, 5, 6, 6, 6, 6, 7, 7, 7, 9, 10, 10, 10, 11, 12]
y_pred:
[ 4  4  4  6  6  6  6  6  4  5  6 12  1  1  4  5  6  7  4  5  6  7  9 10 12
 13 11 11 11  1  1  1  1  1  4  5  5  5  5  4  5  6  5  7  9 10 11  1  1  4
  5  5  6  6  6  5  4  5  5  5  5  5  9 10 11  1  1  1  1  3  4  5  5  6  6
  4  5  5  6  7  9 10 10  9 10 10 12 12 12 11  1  1  4  5  5  6  5  1  1  1
  4  5  6  6  6  6  6  4  5  6  5  7  9 10 12 11  1  5  5  5  5  5  3  4  5
  5  5  6  6  6  7  9 10 12 10 12  1 13 13 13  6 13 13 13 13  1  1  1  1  2
  4  5  5  5  5  5  5  4  5  5  6  6  6  6  7  7  7  9 10 10 10 11 12]
test_Y len is 173，and y_pred len is 173
**********************step=20**********************
0.751445086705
test_Y:
[2, 4, 5, 6, 6, 6, 6, 6, 4, 5, 5, 12, 1, 2, 4, 5, 6, 7, 4, 5, 6, 7, 9, 10, 12, 12, 11, 11, 12, 2, 1, 1, 1, 1, 5, 5, 4, 5, 5, 4, 6, 7, 7, 7, 10, 10, 12, 1, 2, 4, 5, 5, 6, 6, 6, 13, 4, 5, 5, 5, 5, 5, 9, 10, 12, 1, 1, 1, 2, 3, 4, 5, 5, 6, 6, 4, 5, 5, 6, 6, 9, 9, 10, 10, 10, 10, 12, 12, 11, 11, 1, 2, 4, 5, 5, 6, 7, 1, 1, 2, 4, 5, 6, 6, 6, 6, 7, 4, 5, 5, 5, 5, 9, 10, 10, 12, 4, 5, 5, 5, 5, 5, 5, 4, 5, 5, 6, 6, 6, 7, 7, 9, 10, 12, 11, 12, 13, 13, 13, 13, 13, 13, 13, 13, 13, 1, 1, 1, 1, 2, 4, 5, 5, 5, 5, 5, 5, 4, 5, 5, 6, 6, 6, 6, 7, 7, 7, 9, 10, 10, 10, 11, 12]
y_pred:
[ 1  4  5  6  6  6  5  6  4  4  5 12  1  1  4  5  6  5  4  5  6 10  9 10 12
 13 11 10 11  1  1  1  1  1  4  5  5  5  5  4  5  6  5 10  9 10 12  1  1  4
  5  5  6  6  6  5  4  5  5  6  5  5  9 10 11  1  1  1  2  3  4  5  5  6  5
  4  5  6  6  6  9 10 10 10 10 10 10 12 10 11  1  1  4  5  5  6  6  1  1  1
  4  4  6  6  6  6  6  4  5  6  5  7  5 10 12 12  1  5  5  5  5  5  5  4  4
  5  5  6  6  7  7  9 10 10 10 12  1  1  3 13 13 13 13 13 13  1  1  1  1  2
  4  5  5  5  5  5  5  4  5  5  6  6  6  6  7  7  7  9 10 10 10 11 12]
test_Y len is 173，and y_pred len is 173
**********************step=25**********************
0.757225433526
test_Y:
[2, 4, 5, 6, 6, 6, 6, 6, 4, 5, 5, 12, 1, 2, 4, 5, 6, 7, 4, 5, 6, 7, 9, 10, 12, 12, 11, 11, 12, 2, 1, 1, 1, 1, 5, 5, 4, 5, 5, 4, 6, 7, 7, 7, 10, 10, 12, 1, 2, 4, 5, 5, 6, 6, 6, 13, 4, 5, 5, 5, 5, 5, 9, 10, 12, 1, 1, 1, 2, 3, 4, 5, 5, 6, 6, 4, 5, 5, 6, 6, 9, 9, 10, 10, 10, 10, 12, 12, 11, 11, 1, 2, 4, 5, 5, 6, 7, 1, 1, 2, 4, 5, 6, 6, 6, 6, 7, 4, 5, 5, 5, 5, 9, 10, 10, 12, 4, 5, 5, 5, 5, 5, 5, 4, 5, 5, 6, 6, 6, 7, 7, 9, 10, 12, 11, 12, 13, 13, 13, 13, 13, 13, 13, 13, 13, 1, 1, 1, 1, 2, 4, 5, 5, 5, 5, 5, 5, 4, 5, 5, 6, 6, 6, 6, 7, 7, 7, 9, 10, 10, 10, 11, 12]
y_pred:
[ 1  4  4  6  6  6  6  5  4  5  5 12  1  1  4  5  6  6  4  5  6  7  9 10 12
 11 11 11 11  2  1  1  1  1  4  5  5  5  5  4  5  5  5  5  5 10 11  1  1  4
  5  5  6  6  6  6  5  5  5  5  5  6  9 10 11  1  1  1  2  3  4  5  5  6  6
  4  5  5  6  7  9 10 10 12 10 10 10 12 11 11  1  1  4  5  5  5  3  1  1  1
  4  4  6  6  6  6  6  4  5  5  5  7  6 10 10 11  1  5  5  5  5  5  5  4  4
  5  5  6  6  7  5  9 10 12 12 12  1  1  1 13 13  7 13 13 13  1  1  1  1  2
  4  5  5  5  5  5  5  4  5  5  6  6  6  6  7  7  7  9 10 10 10 11 12]
test_Y len is 173，and y_pred len is 173
**********************step=25**********************
0.774566473988
test_Y:
[2, 4, 5, 6, 6, 6, 6, 6, 4, 5, 5, 12, 1, 2, 4, 5, 6, 7, 4, 5, 6, 7, 9, 10, 12, 12, 11, 11, 12, 2, 1, 1, 1, 1, 5, 5, 4, 5, 5, 4, 6, 7, 7, 7, 10, 10, 12, 1, 2, 4, 5, 5, 6, 6, 6, 13, 4, 5, 5, 5, 5, 5, 9, 10, 12, 1, 1, 1, 2, 3, 4, 5, 5, 6, 6, 4, 5, 5, 6, 6, 9, 9, 10, 10, 10, 10, 12, 12, 11, 11, 1, 2, 4, 5, 5, 6, 7, 1, 1, 2, 4, 5, 6, 6, 6, 6, 7, 4, 5, 5, 5, 5, 9, 10, 10, 12, 4, 5, 5, 5, 5, 5, 5, 4, 5, 5, 6, 6, 6, 7, 7, 9, 10, 12, 11, 12, 13, 13, 13, 13, 13, 13, 13, 13, 13, 1, 1, 1, 1, 2, 4, 5, 5, 5, 5, 5, 5, 4, 5, 5, 6, 6, 6, 6, 7, 7, 7, 9, 10, 10, 10, 11, 12]
y_pred:
[ 1  5  5  6  6  5  6  6  4  5  5 12  1  1  4  5  6  7  4  5  6  7  9 10 12
 11 12 11 11  1  1  1  1  3  4  5  5  5  5  4  5  6  7  7  9 10 11  1  2  4
  5  5  6  6  6  5  4  5  5  5  5  5  9 10 11  1  1  1  2  3  4  5  4  5  5
  4  5  5  6  7  9  9 10  9 10 10 12 12 11 11  1  2  4  5  5  5  3  1  1  1
  4  5  6  7  6  6  6  4  5  5  5  7  9  9 12 11  1  5  5  5  5  5  5  4  4
  5  5  6  6  5  7  9 10 12 10 12  1 13 13 13 13  7 13 13 13  1  1  1  1  2
  4  5  5  5  5  5  5  4  5  5  6  6  6  6  7  6  7  9 10 10 10 11 12]
test_Y len is 173，and y_pred len is 173
**********************step=25**********************
0.815028901734
test_Y:
[2, 4, 5, 6, 6, 6, 6, 6, 4, 5, 5, 12, 1, 2, 4, 5, 6, 7, 4, 5, 6, 7, 9, 10, 12, 12, 11, 11, 12, 2, 1, 1, 1, 1, 5, 5, 4, 5, 5, 4, 6, 7, 7, 7, 10, 10, 12, 1, 2, 4, 5, 5, 6, 6, 6, 13, 4, 5, 5, 5, 5, 5, 9, 10, 12, 1, 1, 1, 2, 3, 4, 5, 5, 6, 6, 4, 5, 5, 6, 6, 9, 9, 10, 10, 10, 10, 12, 12, 11, 11, 1, 2, 4, 5, 5, 6, 7, 1, 1, 2, 4, 5, 6, 6, 6, 6, 7, 4, 5, 5, 5, 5, 9, 10, 10, 12, 4, 5, 5, 5, 5, 5, 5, 4, 5, 5, 6, 6, 6, 7, 7, 9, 10, 12, 11, 12, 13, 13, 13, 13, 13, 13, 13, 13, 13, 1, 1, 1, 1, 2, 4, 5, 5, 5, 5, 5, 5, 4, 5, 5, 6, 6, 6, 6, 7, 7, 7, 9, 10, 10, 10, 11, 12]
y_pred:
[ 1  4  5  6  5  6  6  6  4  5  6 12  1  1  4  5  6  6  4  5  6  7  9 10 12
 11 11 10 11  1  1  1  1  1  4  5  5  5  5  4  5  6  5  6  9 10 12  1  1  4
  5  5  6  6  6  5  4  5  5  5  5  5  9 10 12  1  1  1  2  3  4  5  5  6  6
  4  5  5  6  7  9 10 10 10 10 10 12 12 11 11  1  1  4  5  5  6  6  1  1  1
  4  5  6  6  6  6  6  4  5  6  5  5  9 10 12 12  1  5  5  5  5  5  5  4  4
  5  6  6  5  7  7  9 10 12 10 12  1 13 13  6 13 13 13 13 13  1  1  1  1  2
  4  5  5  5  5  5  5  4  5  5  6  6  6  6  7  7  7  9 10 10 10 11 12]
test_Y len is 173，and y_pred len is 173
**********************step=30**********************
0.78612716763
test_Y:
[2, 4, 5, 6, 6, 6, 6, 6, 4, 5, 5, 12, 1, 2, 4, 5, 6, 7, 4, 5, 6, 7, 9, 10, 12, 12, 11, 11, 12, 2, 1, 1, 1, 1, 5, 5, 4, 5, 5, 4, 6, 7, 7, 7, 10, 10, 12, 1, 2, 4, 5, 5, 6, 6, 6, 13, 4, 5, 5, 5, 5, 5, 9, 10, 12, 1, 1, 1, 2, 3, 4, 5, 5, 6, 6, 4, 5, 5, 6, 6, 9, 9, 10, 10, 10, 10, 12, 12, 11, 11, 1, 2, 4, 5, 5, 6, 7, 1, 1, 2, 4, 5, 6, 6, 6, 6, 7, 4, 5, 5, 5, 5, 9, 10, 10, 12, 4, 5, 5, 5, 5, 5, 5, 4, 5, 5, 6, 6, 6, 7, 7, 9, 10, 12, 11, 12, 13, 13, 13, 13, 13, 13, 13, 13, 13, 1, 1, 1, 1, 2, 4, 5, 5, 5, 5, 5, 5, 4, 5, 5, 6, 6, 6, 6, 7, 7, 7, 9, 10, 10, 10, 11, 12]
y_pred:
[ 1  4  4  6  5  6  6  6  4  5  6 12  1  1  4  5  6  6  4  5  5  5  9 10 12
 11 11 11 11  1  1  1  1  1  4  5  5  5  5  4  5  6  5  5  9 10 11  1  1  4
  5  5  6  6  6  5  4  5  5  5  5  5  9 10 11  1  1  1  2  3  4  5  5  6  6
  4  5  5  6  7  9 10 10 10 10 10 12 12 12 11  1  1  4  5  5  6  6  1  1  1
  5  5  6  6  6  6  6  4  5  5  5  5  9 10 10 12  1  5  5  5  5  5  5  4  4
  5  5  6  6  5  7  9 10 12 10 12  1 13 13 13 13 13 13 13 13  1  1  1  1  2
  4  5  5  5  5  5  5  4  6  5  6  6  6  6  7  7  7  9 10 10 10 11 12]
test_Y len is 173，and y_pred len is 173
**********************step=30**********************
0.78612716763
test_Y:
[2, 4, 5, 6, 6, 6, 6, 6, 4, 5, 5, 12, 1, 2, 4, 5, 6, 7, 4, 5, 6, 7, 9, 10, 12, 12, 11, 11, 12, 2, 1, 1, 1, 1, 5, 5, 4, 5, 5, 4, 6, 7, 7, 7, 10, 10, 12, 1, 2, 4, 5, 5, 6, 6, 6, 13, 4, 5, 5, 5, 5, 5, 9, 10, 12, 1, 1, 1, 2, 3, 4, 5, 5, 6, 6, 4, 5, 5, 6, 6, 9, 9, 10, 10, 10, 10, 12, 12, 11, 11, 1, 2, 4, 5, 5, 6, 7, 1, 1, 2, 4, 5, 6, 6, 6, 6, 7, 4, 5, 5, 5, 5, 9, 10, 10, 12, 4, 5, 5, 5, 5, 5, 5, 4, 5, 5, 6, 6, 6, 7, 7, 9, 10, 12, 11, 12, 13, 13, 13, 13, 13, 13, 13, 13, 13, 1, 1, 1, 1, 2, 4, 5, 5, 5, 5, 5, 5, 4, 5, 5, 6, 6, 6, 6, 7, 7, 7, 9, 10, 10, 10, 11, 12]
y_pred:
[ 1  4  4  6  6  6  6  5  4  5  6 12  1  1  4  5  6  6  4  5  5  5  9 10 12
 13 11 11 11  2  1  1  1  1  4  5  5  5  5  4  5  5  5  6  9 10 12  1  1  4
  5  5  6  6  6  5  4  5  5  5  5  5  9 10 11  1  1  1  2  3  4  5  5  6  5
  4  5  5  6  6  9 10 10 10 10 10 10 12 12 11  1  1  4  5  5  5  5  1  1  1
  4  5  6  6  6  6  6  4  5  5  5  7  9 10 10 12  1  5  5  5  1  5  5  4  4
  5  5  6  6  5  7  9 10 12 12 12  1 13 13 13 13 13 13 13 13  1  1  1  1  2
  4  5  5  5  5  5  5  4  5  5  6  6  6  6  7  7  7  9 10 10 10 11 12]
test_Y len is 173，and y_pred len is 173
**********************step=30**********************
0.797687861272
test_Y:
[2, 4, 5, 6, 6, 6, 6, 6, 4, 5, 5, 12, 1, 2, 4, 5, 6, 7, 4, 5, 6, 7, 9, 10, 12, 12, 11, 11, 12, 2, 1, 1, 1, 1, 5, 5, 4, 5, 5, 4, 6, 7, 7, 7, 10, 10, 12, 1, 2, 4, 5, 5, 6, 6, 6, 13, 4, 5, 5, 5, 5, 5, 9, 10, 12, 1, 1, 1, 2, 3, 4, 5, 5, 6, 6, 4, 5, 5, 6, 6, 9, 9, 10, 10, 10, 10, 12, 12, 11, 11, 1, 2, 4, 5, 5, 6, 7, 1, 1, 2, 4, 5, 6, 6, 6, 6, 7, 4, 5, 5, 5, 5, 9, 10, 10, 12, 4, 5, 5, 5, 5, 5, 5, 4, 5, 5, 6, 6, 6, 7, 7, 9, 10, 12, 11, 12, 13, 13, 13, 13, 13, 13, 13, 13, 13, 1, 1, 1, 1, 2, 4, 5, 5, 5, 5, 5, 5, 4, 5, 5, 6, 6, 6, 6, 7, 7, 7, 9, 10, 10, 10, 11, 12]
y_pred:
[ 4  4  5  6  6  6  6  6  4  5  5 12  1  1  4  5  6  6  4  5  5  5  9 10 12
 11 12 11 11  2  1  1  1  1  4  5  5  5  5  4  5  5  5  5  9 10 11  1  1  4
  5  5  6  6  6  6  4  5  5  5  5  5  9 10 11  1  1  1  2  3  4  5  5  6  5
  4  5  5  6  7  9 10 10  9 10 10 12 12 11 11  1  1  4  5  5  5  6  1  1  1
  4  5  6  6  6  6  6  4  5  5  5  5  9 10 12 11  1  5  5  5  5  5  5  4  5
  5  5  6  6  7  7  9 10 12 11 12  1  1  1 13 13 13 13 13 13  1  1  1  1  2
  4  5  5  5  5  5  5  4  5  5  6  6  6  6  7  7  7  9 10 10 10 11 12]
test_Y len is 173，and y_pred len is 173
**********************step=35**********************
0.809248554913
test_Y:
[2, 4, 5, 6, 6, 6, 6, 6, 4, 5, 5, 12, 1, 2, 4, 5, 6, 7, 4, 5, 6, 7, 9, 10, 12, 12, 11, 11, 12, 2, 1, 1, 1, 1, 5, 5, 4, 5, 5, 4, 6, 7, 7, 7, 10, 10, 12, 1, 2, 4, 5, 5, 6, 6, 6, 13, 4, 5, 5, 5, 5, 5, 9, 10, 12, 1, 1, 1, 2, 3, 4, 5, 5, 6, 6, 4, 5, 5, 6, 6, 9, 9, 10, 10, 10, 10, 12, 12, 11, 11, 1, 2, 4, 5, 5, 6, 7, 1, 1, 2, 4, 5, 6, 6, 6, 6, 7, 4, 5, 5, 5, 5, 9, 10, 10, 12, 4, 5, 5, 5, 5, 5, 5, 4, 5, 5, 6, 6, 6, 7, 7, 9, 10, 12, 11, 12, 13, 13, 13, 13, 13, 13, 13, 13, 13, 1, 1, 1, 1, 2, 4, 5, 5, 5, 5, 5, 5, 4, 5, 5, 6, 6, 6, 6, 7, 7, 7, 9, 10, 10, 10, 11, 12]
y_pred:
[ 1  4  4  6  6  5  6  6  4  5  5 12  1  1  4  5  6  6  4  5  5  7  9 10 12
 13 11 11 12  1  1  1  1  1  4  5  5  5  5  4  5  6  5  7  9 10 11  1  1  4
  5  5  6  6  6  5  4  5  5  6  5  5  9 10 11  1  1  1  2  3  4  5  5  6  6
  4  5  5  6  7  9  9 10 10 10 10 12 12 11 11  1  1  4  5  5  6  6  1  1  1
  4  5  6  6  6  6  6  4  5  5  5  7  9 10 12 11  1  5  5  5  5  5  5  4  5
  5  5  6  6  6  5  9 10 12 11 12  1 13 13 13 13 13 13 13 13  1  1  1  1  1
  4  5  5  5  5  5  5  4  5  5  6  6  6  6  7  7  7  9 10 10 10 11 12]
test_Y len is 173，and y_pred len is 173
**********************step=35**********************
0.826589595376
test_Y:
[2, 4, 5, 6, 6, 6, 6, 6, 4, 5, 5, 12, 1, 2, 4, 5, 6, 7, 4, 5, 6, 7, 9, 10, 12, 12, 11, 11, 12, 2, 1, 1, 1, 1, 5, 5, 4, 5, 5, 4, 6, 7, 7, 7, 10, 10, 12, 1, 2, 4, 5, 5, 6, 6, 6, 13, 4, 5, 5, 5, 5, 5, 9, 10, 12, 1, 1, 1, 2, 3, 4, 5, 5, 6, 6, 4, 5, 5, 6, 6, 9, 9, 10, 10, 10, 10, 12, 12, 11, 11, 1, 2, 4, 5, 5, 6, 7, 1, 1, 2, 4, 5, 6, 6, 6, 6, 7, 4, 5, 5, 5, 5, 9, 10, 10, 12, 4, 5, 5, 5, 5, 5, 5, 4, 5, 5, 6, 6, 6, 7, 7, 9, 10, 12, 11, 12, 13, 13, 13, 13, 13, 13, 13, 13, 13, 1, 1, 1, 1, 2, 4, 5, 5, 5, 5, 5, 5, 4, 5, 5, 6, 6, 6, 6, 7, 7, 7, 9, 10, 10, 10, 11, 12]
y_pred:
[ 1  4  5  6  6  6  5  5  4  5  5 12  1  1  4  5  6  6  4  5  6  7  9 10 12
 11 11 11 11  2  1  1  1  1  4  5  5  5  5  4  5  6  5  7  9 10 11  1  1  4
  5  5  6  6  6  7  4  5  5  5  5  5  9 10 11  1  1  1  2  3  4  5  5  6  5
  4  5  5  6  7  9 10 10 10 10 10 12 12 11 12  1  1  4  5  5  7  5  1  1  1
  4  5  6  6  6  6  6  4  5  6  5  5  9 10 10 12  4  5  5  5  5  5  5  4  4
  5  5  6  6  7  7  9 10 12 11 12  1 13 13 13 13 13 13 13 13  1  1  1  1  2
  4  5  5  5  5  5  5  4  5  5  6  6  6  6  7  7  7  9 10 10 10 11 12]
test_Y len is 173，and y_pred len is 173
**********************step=35**********************
0.780346820809
test_Y:
[2, 4, 5, 6, 6, 6, 6, 6, 4, 5, 5, 12, 1, 2, 4, 5, 6, 7, 4, 5, 6, 7, 9, 10, 12, 12, 11, 11, 12, 2, 1, 1, 1, 1, 5, 5, 4, 5, 5, 4, 6, 7, 7, 7, 10, 10, 12, 1, 2, 4, 5, 5, 6, 6, 6, 13, 4, 5, 5, 5, 5, 5, 9, 10, 12, 1, 1, 1, 2, 3, 4, 5, 5, 6, 6, 4, 5, 5, 6, 6, 9, 9, 10, 10, 10, 10, 12, 12, 11, 11, 1, 2, 4, 5, 5, 6, 7, 1, 1, 2, 4, 5, 6, 6, 6, 6, 7, 4, 5, 5, 5, 5, 9, 10, 10, 12, 4, 5, 5, 5, 5, 5, 5, 4, 5, 5, 6, 6, 6, 7, 7, 9, 10, 12, 11, 12, 13, 13, 13, 13, 13, 13, 13, 13, 13, 1, 1, 1, 1, 2, 4, 5, 5, 5, 5, 5, 5, 4, 5, 5, 6, 6, 6, 6, 7, 7, 7, 9, 10, 10, 10, 11, 12]
y_pred:
[ 1  5  4  6  6  7  5  6  4  5  6 12  1  1  4  5  6  5  4  5  5  5  9 10 12
 13 11 11 11  2  1  1  1  1  6  5  5  5  5  4  5  5  5  5  5 10 11  1  1  4
  5  5  6  6  6  5  4  5  5  5  5  5  9 10 11  1  1  1  2  3  4  5  5  6  5
  4  5  5  6  6  9 10 10 10 10 10 12 12 12 11  1  1  4  5  5  6  5  1  1  1
  4  5  6  5  6  6  6  4  5  5  5  7 10 10 10 12  1  5  5  5  5  5  5  4  5
  5  5  6  6  6  5  9 10 12 11 12  1 13 13 13 13 13 13 13 13  1  1  1  1  2
  4  5  5  5  5  5  5  4  5  5  6  6  6  6  7  7  7  9 10 10 10 11 12]
test_Y len is 173，and y_pred len is 173
**********************step=40**********************
0.797687861272
test_Y:
[2, 4, 5, 6, 6, 6, 6, 6, 4, 5, 5, 12, 1, 2, 4, 5, 6, 7, 4, 5, 6, 7, 9, 10, 12, 12, 11, 11, 12, 2, 1, 1, 1, 1, 5, 5, 4, 5, 5, 4, 6, 7, 7, 7, 10, 10, 12, 1, 2, 4, 5, 5, 6, 6, 6, 13, 4, 5, 5, 5, 5, 5, 9, 10, 12, 1, 1, 1, 2, 3, 4, 5, 5, 6, 6, 4, 5, 5, 6, 6, 9, 9, 10, 10, 10, 10, 12, 12, 11, 11, 1, 2, 4, 5, 5, 6, 7, 1, 1, 2, 4, 5, 6, 6, 6, 6, 7, 4, 5, 5, 5, 5, 9, 10, 10, 12, 4, 5, 5, 5, 5, 5, 5, 4, 5, 5, 6, 6, 6, 7, 7, 9, 10, 12, 11, 12, 13, 13, 13, 13, 13, 13, 13, 13, 13, 1, 1, 1, 1, 2, 4, 5, 5, 5, 5, 5, 5, 4, 5, 5, 6, 6, 6, 6, 7, 7, 7, 9, 10, 10, 10, 11, 12]
y_pred:
[ 1  4  4  6  6  6  6  5  4  5  6 12  1  1  4  5  6  7  4  5  5  7  9 10 12
 12 11 11 11  1  1  1  1  1  4  5  5  5  5  4  6  5  7  7  9 10 11  1  1  4
  5  5  6  6  6  6  4  5  5  5  5  7  9 10 11  1  1  1  2  3  4  5  5  6  5
  4  5  5  6  7  9 10 10 10 10 10 10 12 11 11  1  1  4  5  5  5  6  1  1  1
  4  5  6  5  6  6  6  4  5  5  5  5  9 10 10 11  1  5  5  5  1  5  5  4  4
  5  5  6  6  7  5  9 10 12 10 12  1 13 13 13 13 13 13 13 13  1  1  1  1  2
  4  5  5  5  5  5  5  4  5  5  6  6  6  6  7  7  7  9 10 10 10 11 12]
test_Y len is 173，and y_pred len is 173
**********************step=40**********************
0.797687861272
test_Y:
[2, 4, 5, 6, 6, 6, 6, 6, 4, 5, 5, 12, 1, 2, 4, 5, 6, 7, 4, 5, 6, 7, 9, 10, 12, 12, 11, 11, 12, 2, 1, 1, 1, 1, 5, 5, 4, 5, 5, 4, 6, 7, 7, 7, 10, 10, 12, 1, 2, 4, 5, 5, 6, 6, 6, 13, 4, 5, 5, 5, 5, 5, 9, 10, 12, 1, 1, 1, 2, 3, 4, 5, 5, 6, 6, 4, 5, 5, 6, 6, 9, 9, 10, 10, 10, 10, 12, 12, 11, 11, 1, 2, 4, 5, 5, 6, 7, 1, 1, 2, 4, 5, 6, 6, 6, 6, 7, 4, 5, 5, 5, 5, 9, 10, 10, 12, 4, 5, 5, 5, 5, 5, 5, 4, 5, 5, 6, 6, 6, 7, 7, 9, 10, 12, 11, 12, 13, 13, 13, 13, 13, 13, 13, 13, 13, 1, 1, 1, 1, 2, 4, 5, 5, 5, 5, 5, 5, 4, 5, 5, 6, 6, 6, 6, 7, 7, 7, 9, 10, 10, 10, 11, 12]
y_pred:
[ 1  4  5  6  6  6  5  6  4  5  5 12  1  1  4  5  6  6  4  5  6  7  9 10 12
 13 11 11 12  1  1  1  1  3  4  5  5  5  5  4  5  6  5  7  9 10 11  1  1  4
  5  5  6  6  6  5  4  5  5  5  5  7  9 10 11  1  1  1  2  3  4  5  5  5  6
  4  5  5  6  6  9 10 10 10 10 10 12 12 11 11  1  1  4  5  5  5  6  1  1  1
  4  5  6  6  6  6  6  4  5  5  5  7  9 10 10 11  1  5  5  5  1  5  5  4  5
  5  5  6  6  7  7  9 10 12 10 12  1 13  1 13 13  5 13 13 13  1  1  1  1  1
  4  5  5  5  5  5  5  4  5  5  6  6  6  6  7  7  7  9 10 10 10 11 12]
test_Y len is 173，and y_pred len is 173
**********************step=40**********************
0.838150289017
test_Y:
[2, 4, 5, 6, 6, 6, 6, 6, 4, 5, 5, 12, 1, 2, 4, 5, 6, 7, 4, 5, 6, 7, 9, 10, 12, 12, 11, 11, 12, 2, 1, 1, 1, 1, 5, 5, 4, 5, 5, 4, 6, 7, 7, 7, 10, 10, 12, 1, 2, 4, 5, 5, 6, 6, 6, 13, 4, 5, 5, 5, 5, 5, 9, 10, 12, 1, 1, 1, 2, 3, 4, 5, 5, 6, 6, 4, 5, 5, 6, 6, 9, 9, 10, 10, 10, 10, 12, 12, 11, 11, 1, 2, 4, 5, 5, 6, 7, 1, 1, 2, 4, 5, 6, 6, 6, 6, 7, 4, 5, 5, 5, 5, 9, 10, 10, 12, 4, 5, 5, 5, 5, 5, 5, 4, 5, 5, 6, 6, 6, 7, 7, 9, 10, 12, 11, 12, 13, 13, 13, 13, 13, 13, 13, 13, 13, 1, 1, 1, 1, 2, 4, 5, 5, 5, 5, 5, 5, 4, 5, 5, 6, 6, 6, 6, 7, 7, 7, 9, 10, 10, 10, 11, 12]
y_pred:
[ 1  4  5  6  6  6  7  6  4  5  5  4  1  1  4  5  6  7  4  5  6  5  9 10 12
 13 11 11 11  1  1  1  1  1  4  5  5  5  5  4  5  5  5  5  5 10 11  1  1  4
  5  5  6  6  6  5  4  5  5  5  5  5  9 10 11  1  1  1  2  3  4  5  5  6  6
  4  5  5  6  6  9  9 10 10 10 10 12 12 11 11  1  1  4  5  5  6  5  1  1  2
  4  5  6  6  6  6  6  4  5  5  5  5  9 10 10 11  4  5  5  5  5  5  5  4  5
  5  5  6  6  5  7  9 10 12 11 12  1 10 10 13 13 13 13 13 13  1  1  1  1  2
  4  5  5  5  5  5  5  4  5  5  6  6  6  6  7  7  7  9 10 10 10 11 12]
test_Y len is 173，and y_pred len is 173
**********************step=45**********************
0.809248554913
test_Y:
[2, 4, 5, 6, 6, 6, 6, 6, 4, 5, 5, 12, 1, 2, 4, 5, 6, 7, 4, 5, 6, 7, 9, 10, 12, 12, 11, 11, 12, 2, 1, 1, 1, 1, 5, 5, 4, 5, 5, 4, 6, 7, 7, 7, 10, 10, 12, 1, 2, 4, 5, 5, 6, 6, 6, 13, 4, 5, 5, 5, 5, 5, 9, 10, 12, 1, 1, 1, 2, 3, 4, 5, 5, 6, 6, 4, 5, 5, 6, 6, 9, 9, 10, 10, 10, 10, 12, 12, 11, 11, 1, 2, 4, 5, 5, 6, 7, 1, 1, 2, 4, 5, 6, 6, 6, 6, 7, 4, 5, 5, 5, 5, 9, 10, 10, 12, 4, 5, 5, 5, 5, 5, 5, 4, 5, 5, 6, 6, 6, 7, 7, 9, 10, 12, 11, 12, 13, 13, 13, 13, 13, 13, 13, 13, 13, 1, 1, 1, 1, 2, 4, 5, 5, 5, 5, 5, 5, 4, 5, 5, 6, 6, 6, 6, 7, 7, 7, 9, 10, 10, 10, 11, 12]
y_pred:
[ 1  4  5  6  6  6  5  6  4  5  5 12  1  1  4  5  6  6  4  5  5  5  9 10 12
 13 11 11 11  2  1  1  1  1  4  5  5  5  5  4  6  5  7  5  9 10 11  1  1  4
  5  5  6  6  6  5  4  5  5  5  5  5  9 10 11  1  1  1  2  3  4  5  5  6  6
  4  5  5  6  7  9 10 10 10 10 10 12 12 12 11  1  1  4  5  5  5  6  1  1  1
  4  5  6  6  6  6  6  4  5  5  5  7  9 10 10 11  1  5  5  5  5  5  5  4  5
  5  5  6  6  5  5  9 10 12 11 12  1 13 13 13 13 13 13 13 13  1  1  1  1  2
  4  5  5  5  5  5  5  4  5  5  6  6  6  6  7  6  7  9 10 10 10 11 12]
test_Y len is 173，and y_pred len is 173
**********************step=45**********************
0.815028901734
test_Y:
[2, 4, 5, 6, 6, 6, 6, 6, 4, 5, 5, 12, 1, 2, 4, 5, 6, 7, 4, 5, 6, 7, 9, 10, 12, 12, 11, 11, 12, 2, 1, 1, 1, 1, 5, 5, 4, 5, 5, 4, 6, 7, 7, 7, 10, 10, 12, 1, 2, 4, 5, 5, 6, 6, 6, 13, 4, 5, 5, 5, 5, 5, 9, 10, 12, 1, 1, 1, 2, 3, 4, 5, 5, 6, 6, 4, 5, 5, 6, 6, 9, 9, 10, 10, 10, 10, 12, 12, 11, 11, 1, 2, 4, 5, 5, 6, 7, 1, 1, 2, 4, 5, 6, 6, 6, 6, 7, 4, 5, 5, 5, 5, 9, 10, 10, 12, 4, 5, 5, 5, 5, 5, 5, 4, 5, 5, 6, 6, 6, 7, 7, 9, 10, 12, 11, 12, 13, 13, 13, 13, 13, 13, 13, 13, 13, 1, 1, 1, 1, 2, 4, 5, 5, 5, 5, 5, 5, 4, 5, 5, 6, 6, 6, 6, 7, 7, 7, 9, 10, 10, 10, 11, 12]
y_pred:
[ 1  4  4  6  6  6  5  6  4  5  5  5  1  1  4  5  6  6  4  5  6  5  9 10 12
 11 11 11 11  2  1  1  1  1  5  5  5  5  5  4  5  6  7  7  9 10 11  1  1  4
  5  5  6  6  6  5  4  5  5  5  5  5  9 10 11  1  1  1  2  3  4  5  5  6  5
  4  5  5  6  6  9 10 10  9 10 10 12 12 11 11  1  1  4  5  5  5  7  1  1  1
  4  5  6  5  6  6  6  4  5  6  5  5  9 10 10 11  1  5  5  5  5  5  5  4  4
  5  5  6  6  7  7  9 10 12 10 12  1 13 13 13 13 13 13 13 13  1  1  1  1  2
  4  5  5  5  5  5  5  4  5  5  6  6  6  6  7  7  7  9 10 10 10 11 12]
test_Y len is 173，and y_pred len is 173
**********************step=45**********************
0.849710982659
test_Y:
[2, 4, 5, 6, 6, 6, 6, 6, 4, 5, 5, 12, 1, 2, 4, 5, 6, 7, 4, 5, 6, 7, 9, 10, 12, 12, 11, 11, 12, 2, 1, 1, 1, 1, 5, 5, 4, 5, 5, 4, 6, 7, 7, 7, 10, 10, 12, 1, 2, 4, 5, 5, 6, 6, 6, 13, 4, 5, 5, 5, 5, 5, 9, 10, 12, 1, 1, 1, 2, 3, 4, 5, 5, 6, 6, 4, 5, 5, 6, 6, 9, 9, 10, 10, 10, 10, 12, 12, 11, 11, 1, 2, 4, 5, 5, 6, 7, 1, 1, 2, 4, 5, 6, 6, 6, 6, 7, 4, 5, 5, 5, 5, 9, 10, 10, 12, 4, 5, 5, 5, 5, 5, 5, 4, 5, 5, 6, 6, 6, 7, 7, 9, 10, 12, 11, 12, 13, 13, 13, 13, 13, 13, 13, 13, 13, 1, 1, 1, 1, 2, 4, 5, 5, 5, 5, 5, 5, 4, 5, 5, 6, 6, 6, 6, 7, 7, 7, 9, 10, 10, 10, 11, 12]
y_pred:
[ 1  4  4  6  6  6  6  6  4  5  5 12  1  1  4  5  6  7  4  5  5  7  9 10 12
 13 12 11 11  2  1  1  1  1  4  5  5  5  5  4  6  6  7  7  9 10 11  1  1  4
  5  5  6  6  6  6  4  5  5  5  5  5  9 10 11  1  1  1  2  3  4  5  5  6  6
  4  5  5  6  6  9 10 10 10 10 10 12 12 11 11  1  1  4  5  5  6  6  1  1  1
  4  5  6  6  6  6  6  4  5  5  5  5  9 10 10 12  1  5  5  5  5  5  5  4  5
  5  5  6  6  7  7  9 10 12 10 12  1 13 10 13 13 13 13 13 13  1  1  1  1  2
  4  5  5  5  5  5  5  4  5  5  6  6  6  6  7  6  7  9 10 10 10 11 12]
test_Y len is 173，and y_pred len is 173
**********************step=50**********************
0.774566473988
test_Y:
[2, 4, 5, 6, 6, 6, 6, 6, 4, 5, 5, 12, 1, 2, 4, 5, 6, 7, 4, 5, 6, 7, 9, 10, 12, 12, 11, 11, 12, 2, 1, 1, 1, 1, 5, 5, 4, 5, 5, 4, 6, 7, 7, 7, 10, 10, 12, 1, 2, 4, 5, 5, 6, 6, 6, 13, 4, 5, 5, 5, 5, 5, 9, 10, 12, 1, 1, 1, 2, 3, 4, 5, 5, 6, 6, 4, 5, 5, 6, 6, 9, 9, 10, 10, 10, 10, 12, 12, 11, 11, 1, 2, 4, 5, 5, 6, 7, 1, 1, 2, 4, 5, 6, 6, 6, 6, 7, 4, 5, 5, 5, 5, 9, 10, 10, 12, 4, 5, 5, 5, 5, 5, 5, 4, 5, 5, 6, 6, 6, 7, 7, 9, 10, 12, 11, 12, 13, 13, 13, 13, 13, 13, 13, 13, 13, 1, 1, 1, 1, 2, 4, 5, 5, 5, 5, 5, 5, 4, 5, 5, 6, 6, 6, 6, 7, 7, 7, 9, 10, 10, 10, 11, 12]
y_pred:
[ 1  4  5  6  6  6  6  6  4  5  6 12  1  1  4  5  6  6  4  5  6  7  9 10 12
 12 11 11 12  1  1  1  1  2  4  5  5  5  5  4  5  5  7 10  9 10 11  1  1  4
  5  5  6  6  6  5  4  5  5  5  5  5  9 10 11  1  1  1  2  3  4  5  5  5  5
  4  5  5  6  7  9 10 10 10 10 10 12 12 12 11  1  1  4  5  5  6  6  1  1  1
  4  5  6  6  6  6  6  4  5  6  5  7  9 10 12 11  1  5  5  5  1  5  5  4  4
  5  5  6  6  5  6  9 10 12 10 12  1 10 13 13 13  4 13 13 13  1  1  1  1  2
  4  5  5  5  5  5  5  4  5  5  6  6  6  6  7  7  7  9 10 10 10 11 12]
test_Y len is 173，and y_pred len is 173
**********************step=50**********************
0.797687861272
test_Y:
[2, 4, 5, 6, 6, 6, 6, 6, 4, 5, 5, 12, 1, 2, 4, 5, 6, 7, 4, 5, 6, 7, 9, 10, 12, 12, 11, 11, 12, 2, 1, 1, 1, 1, 5, 5, 4, 5, 5, 4, 6, 7, 7, 7, 10, 10, 12, 1, 2, 4, 5, 5, 6, 6, 6, 13, 4, 5, 5, 5, 5, 5, 9, 10, 12, 1, 1, 1, 2, 3, 4, 5, 5, 6, 6, 4, 5, 5, 6, 6, 9, 9, 10, 10, 10, 10, 12, 12, 11, 11, 1, 2, 4, 5, 5, 6, 7, 1, 1, 2, 4, 5, 6, 6, 6, 6, 7, 4, 5, 5, 5, 5, 9, 10, 10, 12, 4, 5, 5, 5, 5, 5, 5, 4, 5, 5, 6, 6, 6, 7, 7, 9, 10, 12, 11, 12, 13, 13, 13, 13, 13, 13, 13, 13, 13, 1, 1, 1, 1, 2, 4, 5, 5, 5, 5, 5, 5, 4, 5, 5, 6, 6, 6, 6, 7, 7, 7, 9, 10, 10, 10, 11, 12]
y_pred:
[ 1  4  5  6  6  5  6  6  4  5  6 12  1  1  4  5  6  6  4  5  6  5  9 10 12
 11 11 11 12  2  1  1  1  1  4  5  5  5  5  4  5  6  5  6  9 10 11  1  1  4
  5  5  6  6  6  5  4  5  5  5  5  6  9 10 11  1  1  1  2  3  4  5  5  6  6
  4  5  5  6  6  9 10 10 10 10 10 12 12 11 11  1  1  4  5  5  5  6  1  1  1
  4  5  6  5  6  6  6  4  5  6  5  7  9 10 10 11  1  5  5  5  5  5  5  4  5
  5  5  6  6  6  5  9 10 12 10 12  1 13 13 13 13 13 13 13 13  1  1  1  1  2
  4  5  5  5  5  5  5  4  5  5  6  6  6  6  7  7  7  9 10 10 10 11 12]
test_Y len is 173，and y_pred len is 173
**********************step=50**********************
0.843930635838
test_Y:
[2, 4, 5, 6, 6, 6, 6, 6, 4, 5, 5, 12, 1, 2, 4, 5, 6, 7, 4, 5, 6, 7, 9, 10, 12, 12, 11, 11, 12, 2, 1, 1, 1, 1, 5, 5, 4, 5, 5, 4, 6, 7, 7, 7, 10, 10, 12, 1, 2, 4, 5, 5, 6, 6, 6, 13, 4, 5, 5, 5, 5, 5, 9, 10, 12, 1, 1, 1, 2, 3, 4, 5, 5, 6, 6, 4, 5, 5, 6, 6, 9, 9, 10, 10, 10, 10, 12, 12, 11, 11, 1, 2, 4, 5, 5, 6, 7, 1, 1, 2, 4, 5, 6, 6, 6, 6, 7, 4, 5, 5, 5, 5, 9, 10, 10, 12, 4, 5, 5, 5, 5, 5, 5, 4, 5, 5, 6, 6, 6, 7, 7, 9, 10, 12, 11, 12, 13, 13, 13, 13, 13, 13, 13, 13, 13, 1, 1, 1, 1, 2, 4, 5, 5, 5, 5, 5, 5, 4, 5, 5, 6, 6, 6, 6, 7, 7, 7, 9, 10, 10, 10, 11, 12]
y_pred:
[ 1  4  5  6  6  6  6  6  4  5  6 12  1  1  4  5  6  6  4  5  6  7  9 10 12
 12 11 11 11  2  1  1  1  1  4  5  5  5  5  4  6  6  7  5  9 10 11  1  1  4
  5  5  6  6  6  5  4  5  5  5  5  5  9 10 11  1  1  1  2  3  4  5  5  6  6
  4  5  5  6  6  9 10 10 10 10 10 12 12 12 11  1  1  4  5  5  6  6  1  1  1
  4  5  6  6  6  6  6  4  5  5  5  7  9 10 10 11  1  5  5  5  5  5  5  4  4
  5  5  6  6  5  7  9 10 12 11 12  1 13 13 13 13 13 13 13 13  1  1  1  1  2
  4  5  5  5  5  5  5  4  5  5  6  6  6  6  7  7  7  9 10 10 10 11 12]
test_Y len is 173，and y_pred len is 173
**********************step=55**********************
0.820809248555
test_Y:
[2, 4, 5, 6, 6, 6, 6, 6, 4, 5, 5, 12, 1, 2, 4, 5, 6, 7, 4, 5, 6, 7, 9, 10, 12, 12, 11, 11, 12, 2, 1, 1, 1, 1, 5, 5, 4, 5, 5, 4, 6, 7, 7, 7, 10, 10, 12, 1, 2, 4, 5, 5, 6, 6, 6, 13, 4, 5, 5, 5, 5, 5, 9, 10, 12, 1, 1, 1, 2, 3, 4, 5, 5, 6, 6, 4, 5, 5, 6, 6, 9, 9, 10, 10, 10, 10, 12, 12, 11, 11, 1, 2, 4, 5, 5, 6, 7, 1, 1, 2, 4, 5, 6, 6, 6, 6, 7, 4, 5, 5, 5, 5, 9, 10, 10, 12, 4, 5, 5, 5, 5, 5, 5, 4, 5, 5, 6, 6, 6, 7, 7, 9, 10, 12, 11, 12, 13, 13, 13, 13, 13, 13, 13, 13, 13, 1, 1, 1, 1, 2, 4, 5, 5, 5, 5, 5, 5, 4, 5, 5, 6, 6, 6, 6, 7, 7, 7, 9, 10, 10, 10, 11, 12]
y_pred:
[ 1  4  4  6  6  6  6  6  4  5  6  4  1  1  4  5  6  6  4  5  6  5  9 10 12
 11 11 11 11  1  1  1  1  3  4  5  5  5  5  4  5  5  7  7  9 10 11  1  1  4
  5  5  6  6  6  5  4  5  5  5  5  5  9 10 11  1  1  1  2  3  4  5  5  6  5
  4  5  5  6  6  9  9 10  9 10 10 12 12 11 11  1  1  4  5  5  5  7  1  1  1
  4  5  6  5  6  6  6  4  5  5  5  5  9 10 12 12  1  5  5  5  5  5  5  4  5
  5  6  6  6  7  7  9 10 12 10 12  1 13 13 13 13 13 13 13 13  1  1  1  1  2
  4  5  5  5  5  5  5  4  5  5  6  6  6  6  7  7  7  9 10 10 10 11 12]
test_Y len is 173，and y_pred len is 173
**********************step=55**********************
0.838150289017
test_Y:
[2, 4, 5, 6, 6, 6, 6, 6, 4, 5, 5, 12, 1, 2, 4, 5, 6, 7, 4, 5, 6, 7, 9, 10, 12, 12, 11, 11, 12, 2, 1, 1, 1, 1, 5, 5, 4, 5, 5, 4, 6, 7, 7, 7, 10, 10, 12, 1, 2, 4, 5, 5, 6, 6, 6, 13, 4, 5, 5, 5, 5, 5, 9, 10, 12, 1, 1, 1, 2, 3, 4, 5, 5, 6, 6, 4, 5, 5, 6, 6, 9, 9, 10, 10, 10, 10, 12, 12, 11, 11, 1, 2, 4, 5, 5, 6, 7, 1, 1, 2, 4, 5, 6, 6, 6, 6, 7, 4, 5, 5, 5, 5, 9, 10, 10, 12, 4, 5, 5, 5, 5, 5, 5, 4, 5, 5, 6, 6, 6, 7, 7, 9, 10, 12, 11, 12, 13, 13, 13, 13, 13, 13, 13, 13, 13, 1, 1, 1, 1, 2, 4, 5, 5, 5, 5, 5, 5, 4, 5, 5, 6, 6, 6, 6, 7, 7, 7, 9, 10, 10, 10, 11, 12]
y_pred:
[ 1  4  4  6  6  6  6  6  4  5  5 12  1  1  4  5  6  6  4  5  6  7  9 10 12
 11 11 10 11  2  1  1  1  1  4  5  5  5  5  4  5  5  5 10  9 10 11  1  1  4
  5  5  6  6  6  5  4  5  5  5  5  5  9 10 11  1  1  1  2  3  4  5  5  6  6
  4  5  5  6  6  9 10 10 10 10 10 12 12 11 11  1  1  4  5  5  6  6  1  1  1
  4  5  6  6  6  6  6  4  5  5  5  5  9 10 12 11  1  5  5  5  5  5  5  4  5
  5  5  6  6  7  7  9 10 12 11 12  1 13 13 13 13 13 13 13 13  1  1  1  1  2
  4  5  5  5  5  5  5  4  5  5  6  6  6  6  7  7  7  9 10 10 10 11 12]
test_Y len is 173，and y_pred len is 173
**********************step=55**********************
0.803468208092
test_Y:
[2, 4, 5, 6, 6, 6, 6, 6, 4, 5, 5, 12, 1, 2, 4, 5, 6, 7, 4, 5, 6, 7, 9, 10, 12, 12, 11, 11, 12, 2, 1, 1, 1, 1, 5, 5, 4, 5, 5, 4, 6, 7, 7, 7, 10, 10, 12, 1, 2, 4, 5, 5, 6, 6, 6, 13, 4, 5, 5, 5, 5, 5, 9, 10, 12, 1, 1, 1, 2, 3, 4, 5, 5, 6, 6, 4, 5, 5, 6, 6, 9, 9, 10, 10, 10, 10, 12, 12, 11, 11, 1, 2, 4, 5, 5, 6, 7, 1, 1, 2, 4, 5, 6, 6, 6, 6, 7, 4, 5, 5, 5, 5, 9, 10, 10, 12, 4, 5, 5, 5, 5, 5, 5, 4, 5, 5, 6, 6, 6, 7, 7, 9, 10, 12, 11, 12, 13, 13, 13, 13, 13, 13, 13, 13, 13, 1, 1, 1, 1, 2, 4, 5, 5, 5, 5, 5, 5, 4, 5, 5, 6, 6, 6, 6, 7, 7, 7, 9, 10, 10, 10, 11, 12]
y_pred:
[ 1  4  5  6  6  6  5  5  4  5  6 12  1  1  4  5  6  5  4  5  5  5  9 10 12
 11 11 11 11  2  1  1  1  1  4  5  5  5  5  4  5  5  7  7  9 10 12  1  1  4
  5  5  6  6  6  5  4  5  5  5  5  5  9 10 11  1  1  1  2  3  4  5  5  6  5
  4  5  5  6  7  9 10 10 10 10 10 12 12 11 11  1  1  4  5  5  5  6  1  1  1
  4  5  6  6  6  6  6  4  5  6  5  7  9 10 10 12  1  5  5  5  5  5  5  4  5
  5  5  6  6  5  5  9 10 12 10 12  1 13 13 13 13 13 13 13 13  1  1  1  1  2
  4  5  5  5  5  5  5  4  5  5  6  6  6  6  7  7  7  9 10 10 10 11 12]
test_Y len is 173，and y_pred len is 173
**********************step=60**********************
0.849710982659
test_Y:
[2, 4, 5, 6, 6, 6, 6, 6, 4, 5, 5, 12, 1, 2, 4, 5, 6, 7, 4, 5, 6, 7, 9, 10, 12, 12, 11, 11, 12, 2, 1, 1, 1, 1, 5, 5, 4, 5, 5, 4, 6, 7, 7, 7, 10, 10, 12, 1, 2, 4, 5, 5, 6, 6, 6, 13, 4, 5, 5, 5, 5, 5, 9, 10, 12, 1, 1, 1, 2, 3, 4, 5, 5, 6, 6, 4, 5, 5, 6, 6, 9, 9, 10, 10, 10, 10, 12, 12, 11, 11, 1, 2, 4, 5, 5, 6, 7, 1, 1, 2, 4, 5, 6, 6, 6, 6, 7, 4, 5, 5, 5, 5, 9, 10, 10, 12, 4, 5, 5, 5, 5, 5, 5, 4, 5, 5, 6, 6, 6, 7, 7, 9, 10, 12, 11, 12, 13, 13, 13, 13, 13, 13, 13, 13, 13, 1, 1, 1, 1, 2, 4, 5, 5, 5, 5, 5, 5, 4, 5, 5, 6, 6, 6, 6, 7, 7, 7, 9, 10, 10, 10, 11, 12]
y_pred:
[ 1  4  5  6  6  6  6  6  4  5  5 12  1  1  4  5  6  6  4  5  6  5  9 10 12
 13 11 11 11  1  1  1  1  3  5  5  5  5  5  4  6  6  7  7  9 10 11  1  1  4
  5  5  6  6  6  6  4  5  5  5  5  5  9 10 11  1  1  1  2  3  4  5  5  6  5
  4  5  5  6  7  9  9 10 10 10 10 12 12 11 11  1  1  4  5  5  6  6  1  1  1
  4  5  6  6  6  6  6  4  5  5  5  5  9 10 10 11  1  5  5  5  5  5  5  4  5
  5  5  6  6  5  7  9 10 12 11 12  1 13 13 13 13 13 13 13 13  1  1  1  1  2
  4  5  5  5  5  5  5  4  5  5  6  6  6  6  7  7  7  9 10 10 10 11 12]
test_Y len is 173，and y_pred len is 173
**********************step=60**********************
0.832369942197
test_Y:
[2, 4, 5, 6, 6, 6, 6, 6, 4, 5, 5, 12, 1, 2, 4, 5, 6, 7, 4, 5, 6, 7, 9, 10, 12, 12, 11, 11, 12, 2, 1, 1, 1, 1, 5, 5, 4, 5, 5, 4, 6, 7, 7, 7, 10, 10, 12, 1, 2, 4, 5, 5, 6, 6, 6, 13, 4, 5, 5, 5, 5, 5, 9, 10, 12, 1, 1, 1, 2, 3, 4, 5, 5, 6, 6, 4, 5, 5, 6, 6, 9, 9, 10, 10, 10, 10, 12, 12, 11, 11, 1, 2, 4, 5, 5, 6, 7, 1, 1, 2, 4, 5, 6, 6, 6, 6, 7, 4, 5, 5, 5, 5, 9, 10, 10, 12, 4, 5, 5, 5, 5, 5, 5, 4, 5, 5, 6, 6, 6, 7, 7, 9, 10, 12, 11, 12, 13, 13, 13, 13, 13, 13, 13, 13, 13, 1, 1, 1, 1, 2, 4, 5, 5, 5, 5, 5, 5, 4, 5, 5, 6, 6, 6, 6, 7, 7, 7, 9, 10, 10, 10, 11, 12]
y_pred:
[ 1  4  5  6  6  7  6  6  4  5  6 12  1  1  4  5  6  6  4  5  5  5  9 10 12
 11 11 11 11  2  1  1  1  1  4  5  5  5  5  4  6  5  5  7  9 10 11  1  1  4
  5  5  6  6  6  5  4  5  5  5  5  5  9 10 11  1  1  1  2  3  4  5  5  6  6
  4  5  5  6  6  9 10 10 10 10 10 12 12 11 11  1  1  4  5  5  5  5  1  1  1
  4  5  6  6  6  6  6  4  5  5  5  5  9 10 10 12  1  5  5  5  5  5  5  4  5
  5  5  6  6  6  7  9 10 12 10 12  1 13 13 13 13 13 13 13 13  1  1  1  1  2
  4  5  5  5  5  5  5  4  5  5  6  6  6  6  7  7  7  9 10 10 10 11 12]
test_Y len is 173，and y_pred len is 173
**********************step=60**********************
0.832369942197
test_Y:
[2, 4, 5, 6, 6, 6, 6, 6, 4, 5, 5, 12, 1, 2, 4, 5, 6, 7, 4, 5, 6, 7, 9, 10, 12, 12, 11, 11, 12, 2, 1, 1, 1, 1, 5, 5, 4, 5, 5, 4, 6, 7, 7, 7, 10, 10, 12, 1, 2, 4, 5, 5, 6, 6, 6, 13, 4, 5, 5, 5, 5, 5, 9, 10, 12, 1, 1, 1, 2, 3, 4, 5, 5, 6, 6, 4, 5, 5, 6, 6, 9, 9, 10, 10, 10, 10, 12, 12, 11, 11, 1, 2, 4, 5, 5, 6, 7, 1, 1, 2, 4, 5, 6, 6, 6, 6, 7, 4, 5, 5, 5, 5, 9, 10, 10, 12, 4, 5, 5, 5, 5, 5, 5, 4, 5, 5, 6, 6, 6, 7, 7, 9, 10, 12, 11, 12, 13, 13, 13, 13, 13, 13, 13, 13, 13, 1, 1, 1, 1, 2, 4, 5, 5, 5, 5, 5, 5, 4, 5, 5, 6, 6, 6, 6, 7, 7, 7, 9, 10, 10, 10, 11, 12]
y_pred:
[ 1  4  4  6  6  6  6  6  4  5  6 12  1  1  4  5  6  6  4  5  6  5  9 10 12
 12 11 11 11  2  1  1  1  1  4  5  5  5  5  4  6  6  7  7  9 10 11  1  1  4
  5  5  6  6  6  5  4  5  5  5  5  5  9 10 11  1  1  1  2  3  4  5  5  6  6
  4  5  5  6  6  9 10 10 10 10 10 12 12 11 11  1  1  4  5  5  6  5  1  1  1
  5  5  6  6  6  6  6  4  5  5  5  5  9 10 10 11  1  5  5  5  1  5  5  4  5
  5  5  6  6  5  5  9 10 12 10 12  1 13 13 13 13 13 13 13 13  1  1  1  1  2
  4  5  5  5  5  5  5  4  5  5  6  6  6  6  7  7  7  9 10 10 10 11 12]
test_Y len is 173，and y_pred len is 173
**********************step=65**********************
0.815028901734
test_Y:
[2, 4, 5, 6, 6, 6, 6, 6, 4, 5, 5, 12, 1, 2, 4, 5, 6, 7, 4, 5, 6, 7, 9, 10, 12, 12, 11, 11, 12, 2, 1, 1, 1, 1, 5, 5, 4, 5, 5, 4, 6, 7, 7, 7, 10, 10, 12, 1, 2, 4, 5, 5, 6, 6, 6, 13, 4, 5, 5, 5, 5, 5, 9, 10, 12, 1, 1, 1, 2, 3, 4, 5, 5, 6, 6, 4, 5, 5, 6, 6, 9, 9, 10, 10, 10, 10, 12, 12, 11, 11, 1, 2, 4, 5, 5, 6, 7, 1, 1, 2, 4, 5, 6, 6, 6, 6, 7, 4, 5, 5, 5, 5, 9, 10, 10, 12, 4, 5, 5, 5, 5, 5, 5, 4, 5, 5, 6, 6, 6, 7, 7, 9, 10, 12, 11, 12, 13, 13, 13, 13, 13, 13, 13, 13, 13, 1, 1, 1, 1, 2, 4, 5, 5, 5, 5, 5, 5, 4, 5, 5, 6, 6, 6, 6, 7, 7, 7, 9, 10, 10, 10, 11, 12]
y_pred:
[ 1  4  4  6  6  6  5  6  4  5  6 12  1  1  4  5  6  6  4  5  6  7  9 10 12
 11 11 11 11  2  1  1  1  1  4  5  5  5  5  4  6  6  7  7  9 10 11  1  1  4
  5  5  6  6  6  5  4  5  5  5  5  5  9 10 11  1  1  1  2  3  4  5  5  6  6
  4  5  5  6  7  9 10 10 10 10 10 12 12 12 11  1  1  4  5  5  6  7  1  1  1
  5  5  6  5  6  6  6  4  5  5  5  7  9 10 10 11  1  5  5  5  5  5  5  4  4
  5  5  6  6  5  7  9 10 12 10 12  1 13 13 13 13 13 13 13 13  1  1  1  1  2
  4  5  5  5  5  5  5  4  5  5  6  6  6  6  7  7  7  9 10 10 10 11 12]
test_Y len is 173，and y_pred len is 173
**********************step=65**********************
0.815028901734
test_Y:
[2, 4, 5, 6, 6, 6, 6, 6, 4, 5, 5, 12, 1, 2, 4, 5, 6, 7, 4, 5, 6, 7, 9, 10, 12, 12, 11, 11, 12, 2, 1, 1, 1, 1, 5, 5, 4, 5, 5, 4, 6, 7, 7, 7, 10, 10, 12, 1, 2, 4, 5, 5, 6, 6, 6, 13, 4, 5, 5, 5, 5, 5, 9, 10, 12, 1, 1, 1, 2, 3, 4, 5, 5, 6, 6, 4, 5, 5, 6, 6, 9, 9, 10, 10, 10, 10, 12, 12, 11, 11, 1, 2, 4, 5, 5, 6, 7, 1, 1, 2, 4, 5, 6, 6, 6, 6, 7, 4, 5, 5, 5, 5, 9, 10, 10, 12, 4, 5, 5, 5, 5, 5, 5, 4, 5, 5, 6, 6, 6, 7, 7, 9, 10, 12, 11, 12, 13, 13, 13, 13, 13, 13, 13, 13, 13, 1, 1, 1, 1, 2, 4, 5, 5, 5, 5, 5, 5, 4, 5, 5, 6, 6, 6, 6, 7, 7, 7, 9, 10, 10, 10, 11, 12]
y_pred:
[ 1  4  5  6  6  6  5  6  4  5  6 12  1  1  4  5  6  6  4  5  6  7  9 10 12
 11 11 11 11  1  1  1  1  1  4  5  5  5  5  4  5  6  5  7  9 10 11  1  1  4
  5  5  6  6  6  5  4  5  5  6  5  5  9 10 11  1  1  1  2  3  4  5  5  6  6
  4  5  5  6  6  9 10 10 10 10 10 12 12 12 11  1  1  4  5  5  6  5  1  1  1
  4  5  6  6  6  6  6  4  5  5  5  7  9  9 10 11  4  5  5  5  5  5  5  4  5
  5  5  6  6  7  7  9 10 12 11 12  1 10 10 13 13 13 13 13 13  1  1  1  1  2
  4  5  5  5  5  5  5  4  5  5  6  6  6  6  7  7  7  9 10 10 10 11 12]
test_Y len is 173，and y_pred len is 173
**********************step=65**********************
0.815028901734
test_Y:
[2, 4, 5, 6, 6, 6, 6, 6, 4, 5, 5, 12, 1, 2, 4, 5, 6, 7, 4, 5, 6, 7, 9, 10, 12, 12, 11, 11, 12, 2, 1, 1, 1, 1, 5, 5, 4, 5, 5, 4, 6, 7, 7, 7, 10, 10, 12, 1, 2, 4, 5, 5, 6, 6, 6, 13, 4, 5, 5, 5, 5, 5, 9, 10, 12, 1, 1, 1, 2, 3, 4, 5, 5, 6, 6, 4, 5, 5, 6, 6, 9, 9, 10, 10, 10, 10, 12, 12, 11, 11, 1, 2, 4, 5, 5, 6, 7, 1, 1, 2, 4, 5, 6, 6, 6, 6, 7, 4, 5, 5, 5, 5, 9, 10, 10, 12, 4, 5, 5, 5, 5, 5, 5, 4, 5, 5, 6, 6, 6, 7, 7, 9, 10, 12, 11, 12, 13, 13, 13, 13, 13, 13, 13, 13, 13, 1, 1, 1, 1, 2, 4, 5, 5, 5, 5, 5, 5, 4, 5, 5, 6, 6, 6, 6, 7, 7, 7, 9, 10, 10, 10, 11, 12]
y_pred:
[ 1  4  4  6  6  6  6  6  4  5  6  4  1  1  4  5  6  6  4  5  6  5  9 10 12
 12 11 11 11  2  1  1  1  2  4  5  5  5  5  4  6  6  5  7  9 10 11  1  1  4
  5  5  6  6  6  5  4  5  5  5  5  5  9 10 11  1  1  1  2  3  4  5  5  6  6
  4  5  5  6  6  9 10 10 10 10 10 12 12 11 11  1  1  4  5  5  5  6  1  1  1
  4  5  6  5  6  6  6  4  5  5  5  5  9 10 10 11  1  5  5  5  5  5  5  4  5
  5  5  6  6  6  5  9 10 12 11 12  1 13 13 13 13 13 13 13 13  1  1  1  1  2
  4  5  5  5  5  5  5  4  5  5  6  6  6  6  7  6  7  9 10 10 10 11 12]
test_Y len is 173，and y_pred len is 173
**********************step=70**********************
0.832369942197
test_Y:
[2, 4, 5, 6, 6, 6, 6, 6, 4, 5, 5, 12, 1, 2, 4, 5, 6, 7, 4, 5, 6, 7, 9, 10, 12, 12, 11, 11, 12, 2, 1, 1, 1, 1, 5, 5, 4, 5, 5, 4, 6, 7, 7, 7, 10, 10, 12, 1, 2, 4, 5, 5, 6, 6, 6, 13, 4, 5, 5, 5, 5, 5, 9, 10, 12, 1, 1, 1, 2, 3, 4, 5, 5, 6, 6, 4, 5, 5, 6, 6, 9, 9, 10, 10, 10, 10, 12, 12, 11, 11, 1, 2, 4, 5, 5, 6, 7, 1, 1, 2, 4, 5, 6, 6, 6, 6, 7, 4, 5, 5, 5, 5, 9, 10, 10, 12, 4, 5, 5, 5, 5, 5, 5, 4, 5, 5, 6, 6, 6, 7, 7, 9, 10, 12, 11, 12, 13, 13, 13, 13, 13, 13, 13, 13, 13, 1, 1, 1, 1, 2, 4, 5, 5, 5, 5, 5, 5, 4, 5, 5, 6, 6, 6, 6, 7, 7, 7, 9, 10, 10, 10, 11, 12]
y_pred:
[ 1  4  5  6  6  6  6  6  4  5  5 12  1  1  4  5  6  6  4  5  5  7  9 10 12
 13 11 11 11  1  1  1  1  2  5  5  5  5  5  4  5  5  5  7  9 10 11  1  1  4
  5  5  6  6  6  5  4  5  5  5  5  5  9 10 11  1  1  1  2  3  4  5  5  6  6
  4  5  5  6  6  9  9 10 10 10 10 12 12 11 11  1  1  4  5  5  5  5  1  1  1
  5  5  6  6  6  6  6  4  5  5  5  5  9 10 12 12  1  5  5  5  5  5  5  4  5
  5  5  6  6  5  7  9 10 12 10 12  1 13 13 13 13 13 13 13 13  1  1  1  1  2
  4  5  5  5  5  5  5  4  5  5  6  6  6  6  7  7  7  9 10 10 10 11 12]
test_Y len is 173，and y_pred len is 173
**********************step=70**********************
0.809248554913
test_Y:
[2, 4, 5, 6, 6, 6, 6, 6, 4, 5, 5, 12, 1, 2, 4, 5, 6, 7, 4, 5, 6, 7, 9, 10, 12, 12, 11, 11, 12, 2, 1, 1, 1, 1, 5, 5, 4, 5, 5, 4, 6, 7, 7, 7, 10, 10, 12, 1, 2, 4, 5, 5, 6, 6, 6, 13, 4, 5, 5, 5, 5, 5, 9, 10, 12, 1, 1, 1, 2, 3, 4, 5, 5, 6, 6, 4, 5, 5, 6, 6, 9, 9, 10, 10, 10, 10, 12, 12, 11, 11, 1, 2, 4, 5, 5, 6, 7, 1, 1, 2, 4, 5, 6, 6, 6, 6, 7, 4, 5, 5, 5, 5, 9, 10, 10, 12, 4, 5, 5, 5, 5, 5, 5, 4, 5, 5, 6, 6, 6, 7, 7, 9, 10, 12, 11, 12, 13, 13, 13, 13, 13, 13, 13, 13, 13, 1, 1, 1, 1, 2, 4, 5, 5, 5, 5, 5, 5, 4, 5, 5, 6, 6, 6, 6, 7, 7, 7, 9, 10, 10, 10, 11, 12]
y_pred:
[ 1  4  5  6  6  6  6  6  4  5  6 12  1  1  4  5  6  6  4  5  6  5  9 10 12
 13 11 11 11  2  1  1  1  2  4  5  5  5  5  4  6  5  5  7  9 10 11  1  1  4
  5  5  6  6  6  5  4  5  5  5  5  5  9 10 11  1  1  1  2  3  4  5  5  6  6
  4  5  5  6  6  9 10 10 10 10 10 12 12 11 11  1  1  4  5  5  5  6  1  1  1
  4  5  6  6  6  6  6  4  5  6  5  7  9 10 12 11  1  5  5  5  5  5  5  4  5
  5  5  6  6  5  7  9 10 12 10 12  1 13 13 13 13 13 13 13 13  1  1  1  1  2
  4  5  5  5  5  5  5  4  5  5  6  6  6  6  7  6  7  9 10 10 10 11 12]
test_Y len is 173，and y_pred len is 173
**********************step=70**********************
0.815028901734
test_Y:
[2, 4, 5, 6, 6, 6, 6, 6, 4, 5, 5, 12, 1, 2, 4, 5, 6, 7, 4, 5, 6, 7, 9, 10, 12, 12, 11, 11, 12, 2, 1, 1, 1, 1, 5, 5, 4, 5, 5, 4, 6, 7, 7, 7, 10, 10, 12, 1, 2, 4, 5, 5, 6, 6, 6, 13, 4, 5, 5, 5, 5, 5, 9, 10, 12, 1, 1, 1, 2, 3, 4, 5, 5, 6, 6, 4, 5, 5, 6, 6, 9, 9, 10, 10, 10, 10, 12, 12, 11, 11, 1, 2, 4, 5, 5, 6, 7, 1, 1, 2, 4, 5, 6, 6, 6, 6, 7, 4, 5, 5, 5, 5, 9, 10, 10, 12, 4, 5, 5, 5, 5, 5, 5, 4, 5, 5, 6, 6, 6, 7, 7, 9, 10, 12, 11, 12, 13, 13, 13, 13, 13, 13, 13, 13, 13, 1, 1, 1, 1, 2, 4, 5, 5, 5, 5, 5, 5, 4, 5, 5, 6, 6, 6, 6, 7, 7, 7, 9, 10, 10, 10, 11, 12]
y_pred:
[ 1  4  4  6  6  6  6  6  4  5  6 12  1  1  4  5  6  6  4  5  6  7  9 10 12
 11 12 11 11  1  1  1  1  1  4  5  5  5  5  4  6  5  5  7  9 10 11  1  1  4
  5  5  6  6  6  5  4  5  5  5  5  5  9 10 11  1  1  1  2  3  4  5  5  6  6
  4  5  5  6  7  9  9 10 10 10 10 12 12 10 11  1  1  4  5  5  5  6  1  1  1
  5  5  6  6  6  6  6  4  5  5  5  5  9 10 10 12  1  5  5  5  6  5  5  4  5
  5  5  6  6  5  7  9 10 12 10 12  1 13 13 13 13 13 13 13 13  1  1  1  1  2
  4  5  5  5  5  5  5  4  5  5  6  6  6  6  7  7  7  9 10 10 10 11 12]
test_Y len is 173，and y_pred len is 173
**********************step=75**********************
0.832369942197
test_Y:
[2, 4, 5, 6, 6, 6, 6, 6, 4, 5, 5, 12, 1, 2, 4, 5, 6, 7, 4, 5, 6, 7, 9, 10, 12, 12, 11, 11, 12, 2, 1, 1, 1, 1, 5, 5, 4, 5, 5, 4, 6, 7, 7, 7, 10, 10, 12, 1, 2, 4, 5, 5, 6, 6, 6, 13, 4, 5, 5, 5, 5, 5, 9, 10, 12, 1, 1, 1, 2, 3, 4, 5, 5, 6, 6, 4, 5, 5, 6, 6, 9, 9, 10, 10, 10, 10, 12, 12, 11, 11, 1, 2, 4, 5, 5, 6, 7, 1, 1, 2, 4, 5, 6, 6, 6, 6, 7, 4, 5, 5, 5, 5, 9, 10, 10, 12, 4, 5, 5, 5, 5, 5, 5, 4, 5, 5, 6, 6, 6, 7, 7, 9, 10, 12, 11, 12, 13, 13, 13, 13, 13, 13, 13, 13, 13, 1, 1, 1, 1, 2, 4, 5, 5, 5, 5, 5, 5, 4, 5, 5, 6, 6, 6, 6, 7, 7, 7, 9, 10, 10, 10, 11, 12]
y_pred:
[ 1  4  5  6  6  6  6  6  4  5  5 12  1  1  4  5  6  7  4  5  6  7  9 10 12
 13 11 11 11  2  1  1  1  3  4  5  5  5  5  4  6  6  5  5  5 10 12  1  1  4
  5  5  6  6  6  6  4  5  5  5  5  5  9 10 11  1  1  1  2  3  4  5  5  6  5
  4  5  5  6  7  9 10 10 10 10 10 12 12 12 11  1  1  4  5  5  5  6  1  1  1
  4  5  6  6  6  6  6  4  5  5  5  5  9 10 10 11  1  5  5  5  5  5  5  4  5
  5  5  6  6  6  7  9 10 12 10 12  1 13 13 13 13 13 13 13 13  1  1  1  1  2
  4  5  5  5  5  5  5  4  5  5  6  6  6  6  7  7  7  9 10 10 10 11 12]
test_Y len is 173，and y_pred len is 173
**********************step=75**********************
0.826589595376
test_Y:
[2, 4, 5, 6, 6, 6, 6, 6, 4, 5, 5, 12, 1, 2, 4, 5, 6, 7, 4, 5, 6, 7, 9, 10, 12, 12, 11, 11, 12, 2, 1, 1, 1, 1, 5, 5, 4, 5, 5, 4, 6, 7, 7, 7, 10, 10, 12, 1, 2, 4, 5, 5, 6, 6, 6, 13, 4, 5, 5, 5, 5, 5, 9, 10, 12, 1, 1, 1, 2, 3, 4, 5, 5, 6, 6, 4, 5, 5, 6, 6, 9, 9, 10, 10, 10, 10, 12, 12, 11, 11, 1, 2, 4, 5, 5, 6, 7, 1, 1, 2, 4, 5, 6, 6, 6, 6, 7, 4, 5, 5, 5, 5, 9, 10, 10, 12, 4, 5, 5, 5, 5, 5, 5, 4, 5, 5, 6, 6, 6, 7, 7, 9, 10, 12, 11, 12, 13, 13, 13, 13, 13, 13, 13, 13, 13, 1, 1, 1, 1, 2, 4, 5, 5, 5, 5, 5, 5, 4, 5, 5, 6, 6, 6, 6, 7, 7, 7, 9, 10, 10, 10, 11, 12]
y_pred:
[ 1  4  5  6  6  6  6  6  4  5  6  4  1  1  4  5  6  6  4  5  6  6  9 10 12
 12 11 11 11  2  1  1  1  1  4  5  5  5  5  4  6  5  5  7  9 10 11  1  1  4
  5  5  6  6  6  5  4  5  5  5  5  5  9 10 11  1  1  1  2  3  4  5  5  6  6
  4  5  5  6  7  9 10 10 10 10 10 12 12 11 11  1  1  4  5  5  5  6  1  1  2
  4  5  6  6  6  6  6  4  5  5  5  7  9 10 10 11  1  5  5  5  5  5  5  4  5
  5  5  6  6  6  7  9 10 12 10 12  1 13 13  3 13 13 13 13 13  1  1  1  1  2
  4  5  5  5  5  5  5  4  5  5  6  6  6  6  7  7  7  9 10 10 10 11 12]
test_Y len is 173，and y_pred len is 173
**********************step=75**********************
0.826589595376
test_Y:
[2, 4, 5, 6, 6, 6, 6, 6, 4, 5, 5, 12, 1, 2, 4, 5, 6, 7, 4, 5, 6, 7, 9, 10, 12, 12, 11, 11, 12, 2, 1, 1, 1, 1, 5, 5, 4, 5, 5, 4, 6, 7, 7, 7, 10, 10, 12, 1, 2, 4, 5, 5, 6, 6, 6, 13, 4, 5, 5, 5, 5, 5, 9, 10, 12, 1, 1, 1, 2, 3, 4, 5, 5, 6, 6, 4, 5, 5, 6, 6, 9, 9, 10, 10, 10, 10, 12, 12, 11, 11, 1, 2, 4, 5, 5, 6, 7, 1, 1, 2, 4, 5, 6, 6, 6, 6, 7, 4, 5, 5, 5, 5, 9, 10, 10, 12, 4, 5, 5, 5, 5, 5, 5, 4, 5, 5, 6, 6, 6, 7, 7, 9, 10, 12, 11, 12, 13, 13, 13, 13, 13, 13, 13, 13, 13, 1, 1, 1, 1, 2, 4, 5, 5, 5, 5, 5, 5, 4, 5, 5, 6, 6, 6, 6, 7, 7, 7, 9, 10, 10, 10, 11, 12]
y_pred:
[ 1  4  5  6  6  6  6  6  4  5  6 12  1  1  4  5  6  6  4  5  6  7  9 10 12
 13 11 11 11  1  1  1  1  1  4  5  5  5  5  4  6  5  7  6  9 10 11  1  1  4
  5  5  6  6  6  6  4  5  5  5  5  6  9 10 11  1  1  1  2  3  4  5  5  6  6
  4  5  5  6  6  9 10 10 10 10 10 12 12 11 11  1  1  4  5  5  5  6  1  1  1
  5  5  6  6  6  6  6  4  5  5  5  5  9 10 12 11  1  5  5  5  5  5  5  4  5
  5  5  6  6  7  7  9 10 12 10 12  1 13 13 13 13 13 13 13 13  1  1  1  1  2
  4  5  5  5  5  5  5  4  5  5  6  6  6  6  7  7  7  9 10 10 10 11 12]
test_Y len is 173，and y_pred len is 173
**********************step=80**********************
0.832369942197
test_Y:
[2, 4, 5, 6, 6, 6, 6, 6, 4, 5, 5, 12, 1, 2, 4, 5, 6, 7, 4, 5, 6, 7, 9, 10, 12, 12, 11, 11, 12, 2, 1, 1, 1, 1, 5, 5, 4, 5, 5, 4, 6, 7, 7, 7, 10, 10, 12, 1, 2, 4, 5, 5, 6, 6, 6, 13, 4, 5, 5, 5, 5, 5, 9, 10, 12, 1, 1, 1, 2, 3, 4, 5, 5, 6, 6, 4, 5, 5, 6, 6, 9, 9, 10, 10, 10, 10, 12, 12, 11, 11, 1, 2, 4, 5, 5, 6, 7, 1, 1, 2, 4, 5, 6, 6, 6, 6, 7, 4, 5, 5, 5, 5, 9, 10, 10, 12, 4, 5, 5, 5, 5, 5, 5, 4, 5, 5, 6, 6, 6, 7, 7, 9, 10, 12, 11, 12, 13, 13, 13, 13, 13, 13, 13, 13, 13, 1, 1, 1, 1, 2, 4, 5, 5, 5, 5, 5, 5, 4, 5, 5, 6, 6, 6, 6, 7, 7, 7, 9, 10, 10, 10, 11, 12]
y_pred:
[ 1  4  5  6  6  6  6  6  4  5  5 12  1  1  4  5  6  6  4  5  6  7  9 10 12
 11 11 11 11  2  1  1  1  1  4  5  5  5  5  4  6  5  7  6  5 10 11  1  1  4
  5  5  6  6  6  5  4  5  5  5  5  5  9 10 11  1  1  1  2  3  4  5  5  5  5
  4  5  5  6  6  9 10 10 10 10 10 12 12 12 11  1  1  4  5  5  5  5  1  1  1
  4  5  6  5  6  6  6  4  5  5  5  5  9 10 12 11  1  5  5  5  5  5  5  4  5
  5  5  6  6  7  7  9 10 12 11 12  1 13 13 13 13 13 13 13 13  1  1  1  1  2
  4  5  5  5  5  5  5  4  5  5  6  6  6  6  7  7  7  9 10 10 10 11 12]
test_Y len is 173，and y_pred len is 173
**********************step=80**********************
0.838150289017
test_Y:
[2, 4, 5, 6, 6, 6, 6, 6, 4, 5, 5, 12, 1, 2, 4, 5, 6, 7, 4, 5, 6, 7, 9, 10, 12, 12, 11, 11, 12, 2, 1, 1, 1, 1, 5, 5, 4, 5, 5, 4, 6, 7, 7, 7, 10, 10, 12, 1, 2, 4, 5, 5, 6, 6, 6, 13, 4, 5, 5, 5, 5, 5, 9, 10, 12, 1, 1, 1, 2, 3, 4, 5, 5, 6, 6, 4, 5, 5, 6, 6, 9, 9, 10, 10, 10, 10, 12, 12, 11, 11, 1, 2, 4, 5, 5, 6, 7, 1, 1, 2, 4, 5, 6, 6, 6, 6, 7, 4, 5, 5, 5, 5, 9, 10, 10, 12, 4, 5, 5, 5, 5, 5, 5, 4, 5, 5, 6, 6, 6, 7, 7, 9, 10, 12, 11, 12, 13, 13, 13, 13, 13, 13, 13, 13, 13, 1, 1, 1, 1, 2, 4, 5, 5, 5, 5, 5, 5, 4, 5, 5, 6, 6, 6, 6, 7, 7, 7, 9, 10, 10, 10, 11, 12]
y_pred:
[ 1  4  4  6  6  6  6  6  4  5  6 12  1  1  4  5  6  6  4  5  6  7  9 10 12
 13 11 11 11  2  1  1  1  1  4  5  5  5  5  4  5  6  7  7  5 10 11  1  1  4
  5  5  6  6  6  5  4  5  5  5  5  5  9 10 11  1  1  1  2  3  4  5  5  6  6
  4  5  5  6  6  9 10 10 10 10 10 12 12 11 11  1  1  4  5  5  6  5  1  1  1
  5  5  6  6  6  6  6  4  5  5  5  7  9 10 10 12  1  5  5  5  5  5  5  4  5
  5  5  6  6  6  7  9 10 12 11 12  1 13 13 13 13  4 13 13 13  1  1  1  1  2
  4  5  5  5  5  5  5  4  5  5  6  6  6  6  7  7  7  9 10 10 10 11 12]
test_Y len is 173，and y_pred len is 173
**********************step=80**********************
0.809248554913
test_Y:
[2, 4, 5, 6, 6, 6, 6, 6, 4, 5, 5, 12, 1, 2, 4, 5, 6, 7, 4, 5, 6, 7, 9, 10, 12, 12, 11, 11, 12, 2, 1, 1, 1, 1, 5, 5, 4, 5, 5, 4, 6, 7, 7, 7, 10, 10, 12, 1, 2, 4, 5, 5, 6, 6, 6, 13, 4, 5, 5, 5, 5, 5, 9, 10, 12, 1, 1, 1, 2, 3, 4, 5, 5, 6, 6, 4, 5, 5, 6, 6, 9, 9, 10, 10, 10, 10, 12, 12, 11, 11, 1, 2, 4, 5, 5, 6, 7, 1, 1, 2, 4, 5, 6, 6, 6, 6, 7, 4, 5, 5, 5, 5, 9, 10, 10, 12, 4, 5, 5, 5, 5, 5, 5, 4, 5, 5, 6, 6, 6, 7, 7, 9, 10, 12, 11, 12, 13, 13, 13, 13, 13, 13, 13, 13, 13, 1, 1, 1, 1, 2, 4, 5, 5, 5, 5, 5, 5, 4, 5, 5, 6, 6, 6, 6, 7, 7, 7, 9, 10, 10, 10, 11, 12]
y_pred:
[ 1  4  5  6  6  6  6  6  4  5  6  4  1  1  4  5  6  6  4  5  6  5  9 10 12
 11 11 11 11  1  1  1  1  1  4  5  5  5  5  4  6  5  5  7  9 10 11  1  1  4
  5  5  6  6  6  5  4  5  5  5  5  5  9 10 11  1  1  1  2  3  4  5  5  6  5
  4  5  5  6  7  9 10 10 10 10 10 12 12 11 11  1  1  4  5  5  6  6  1  1  1
  4  5  6  6  6  6  6  4  5  5  5  7  9 10 12 12  1  5  5  5  5  5  5  4  5
  5  5  6  7  6  7  9 10 12 10 12  1 13 13 13 13 13 13 13 13  1  1  1  1  2
  4  5  5  5  5  5  5  4  5  5  6  6  6  6  7  7  7  9 10 10 10 11 12]
test_Y len is 173，and y_pred len is 173
**********************step=85**********************
0.826589595376
test_Y:
[2, 4, 5, 6, 6, 6, 6, 6, 4, 5, 5, 12, 1, 2, 4, 5, 6, 7, 4, 5, 6, 7, 9, 10, 12, 12, 11, 11, 12, 2, 1, 1, 1, 1, 5, 5, 4, 5, 5, 4, 6, 7, 7, 7, 10, 10, 12, 1, 2, 4, 5, 5, 6, 6, 6, 13, 4, 5, 5, 5, 5, 5, 9, 10, 12, 1, 1, 1, 2, 3, 4, 5, 5, 6, 6, 4, 5, 5, 6, 6, 9, 9, 10, 10, 10, 10, 12, 12, 11, 11, 1, 2, 4, 5, 5, 6, 7, 1, 1, 2, 4, 5, 6, 6, 6, 6, 7, 4, 5, 5, 5, 5, 9, 10, 10, 12, 4, 5, 5, 5, 5, 5, 5, 4, 5, 5, 6, 6, 6, 7, 7, 9, 10, 12, 11, 12, 13, 13, 13, 13, 13, 13, 13, 13, 13, 1, 1, 1, 1, 2, 4, 5, 5, 5, 5, 5, 5, 4, 5, 5, 6, 6, 6, 6, 7, 7, 7, 9, 10, 10, 10, 11, 12]
y_pred:
[ 1  4  5  6  6  6  5  6  4  5  6 12  1  1  4  5  6  6  4  5  6  7  9 10 12
 11 11 11 11  1  1  1  1  3  5  5  5  5  5  4  5  5  5  7  9 10 11  1  1  4
  5  5  6  6  6  6  4  5  5  5  5  5  9 10 11  1  1  1  2  3  4  5  5  5  6
  4  5  5  6  6  9 10 10 10 10 10 12 12 11 11  1  1  4  5  5  5  5  1  1  1
  4  5  6  6  6  6  6  4  5  5  5  5  9 10 10 11  1  5  5  5  5  5  5  4  5
  5  5  6  6  6  7  9 10 12 11 12  1 13 13 13 13 13 13 13 13  1  1  1  1  2
  4  5  5  5  5  5  5  4  5  5  6  6  6  6  7  7  7  9 10 10 10 11 12]
test_Y len is 173，and y_pred len is 173
**********************step=85**********************
0.797687861272
test_Y:
[2, 4, 5, 6, 6, 6, 6, 6, 4, 5, 5, 12, 1, 2, 4, 5, 6, 7, 4, 5, 6, 7, 9, 10, 12, 12, 11, 11, 12, 2, 1, 1, 1, 1, 5, 5, 4, 5, 5, 4, 6, 7, 7, 7, 10, 10, 12, 1, 2, 4, 5, 5, 6, 6, 6, 13, 4, 5, 5, 5, 5, 5, 9, 10, 12, 1, 1, 1, 2, 3, 4, 5, 5, 6, 6, 4, 5, 5, 6, 6, 9, 9, 10, 10, 10, 10, 12, 12, 11, 11, 1, 2, 4, 5, 5, 6, 7, 1, 1, 2, 4, 5, 6, 6, 6, 6, 7, 4, 5, 5, 5, 5, 9, 10, 10, 12, 4, 5, 5, 5, 5, 5, 5, 4, 5, 5, 6, 6, 6, 7, 7, 9, 10, 12, 11, 12, 13, 13, 13, 13, 13, 13, 13, 13, 13, 1, 1, 1, 1, 2, 4, 5, 5, 5, 5, 5, 5, 4, 5, 5, 6, 6, 6, 6, 7, 7, 7, 9, 10, 10, 10, 11, 12]
y_pred:
[ 1  4  4  6  6  6  6  6  4  5  5 12  1  1  4  5  6  5  4  5  6  5  9 10 12
 13 11 11 11  1  1  1  1  1  4  5  5  5  5  4  5  5  5  7  9 10 11  1  1  4
  5  5  6  6  6  5  4  5  5  5  5  5  9 10 11  1  1  1  2  3  4  5  5  6  6
  4  5  5  6  7  9 10 10 10 10 10 12 12 12 11  1  1  4  5  5  6  7  1  1  1
  4  5  6  5  6  6  6  4  5  5  5  7  9 10 10 11  1  5  5  5  5  5  5  4  4
  5  5  6  6  5  7  9 10 12 10 12  1 10 10 13 13 13 13 13 13  1  1  1  1  2
  4  5  5  5  5  5  5  4  5  5  6  6  6  6  7  7  7  9 10 10 10 11 12]
test_Y len is 173，and y_pred len is 173
**********************step=85**********************
0.843930635838
test_Y:
[2, 4, 5, 6, 6, 6, 6, 6, 4, 5, 5, 12, 1, 2, 4, 5, 6, 7, 4, 5, 6, 7, 9, 10, 12, 12, 11, 11, 12, 2, 1, 1, 1, 1, 5, 5, 4, 5, 5, 4, 6, 7, 7, 7, 10, 10, 12, 1, 2, 4, 5, 5, 6, 6, 6, 13, 4, 5, 5, 5, 5, 5, 9, 10, 12, 1, 1, 1, 2, 3, 4, 5, 5, 6, 6, 4, 5, 5, 6, 6, 9, 9, 10, 10, 10, 10, 12, 12, 11, 11, 1, 2, 4, 5, 5, 6, 7, 1, 1, 2, 4, 5, 6, 6, 6, 6, 7, 4, 5, 5, 5, 5, 9, 10, 10, 12, 4, 5, 5, 5, 5, 5, 5, 4, 5, 5, 6, 6, 6, 7, 7, 9, 10, 12, 11, 12, 13, 13, 13, 13, 13, 13, 13, 13, 13, 1, 1, 1, 1, 2, 4, 5, 5, 5, 5, 5, 5, 4, 5, 5, 6, 6, 6, 6, 7, 7, 7, 9, 10, 10, 10, 11, 12]
y_pred:
[ 1  4  5  6  6  6  6  6  4  5  5 12  1  1  4  5  6  6  4  5  6  5  9 10 12
 11 11 11 11  2  1  1  1  1  4  5  5  5  5  4  5  5  5  5  9 10 11  1  1  4
  5  5  6  6  6  5  4  5  5  5  5  5  9 10 11  1  1  1  2  3  4  5  5  6  6
  4  5  5  6  6  9 10 10 10 10 10 12 12 11 11  1  1  4  5  5  6  6  1  1  1
  4  5  6  6  6  6  6  4  5  5  5  7  9 10 10 12  4  5  5  5  5  5  5  4  5
  5  5  6  6  6  7  9 10 12 10 12  1 13 13 13 13 13 13 13 13  1  1  1  1  2
  4  5  5  5  5  5  5  4  5  5  6  6  6  6  7  7  7  9 10 10 10 11 12]
test_Y len is 173，and y_pred len is 173
**********************step=90**********************
0.838150289017
test_Y:
[2, 4, 5, 6, 6, 6, 6, 6, 4, 5, 5, 12, 1, 2, 4, 5, 6, 7, 4, 5, 6, 7, 9, 10, 12, 12, 11, 11, 12, 2, 1, 1, 1, 1, 5, 5, 4, 5, 5, 4, 6, 7, 7, 7, 10, 10, 12, 1, 2, 4, 5, 5, 6, 6, 6, 13, 4, 5, 5, 5, 5, 5, 9, 10, 12, 1, 1, 1, 2, 3, 4, 5, 5, 6, 6, 4, 5, 5, 6, 6, 9, 9, 10, 10, 10, 10, 12, 12, 11, 11, 1, 2, 4, 5, 5, 6, 7, 1, 1, 2, 4, 5, 6, 6, 6, 6, 7, 4, 5, 5, 5, 5, 9, 10, 10, 12, 4, 5, 5, 5, 5, 5, 5, 4, 5, 5, 6, 6, 6, 7, 7, 9, 10, 12, 11, 12, 13, 13, 13, 13, 13, 13, 13, 13, 13, 1, 1, 1, 1, 2, 4, 5, 5, 5, 5, 5, 5, 4, 5, 5, 6, 6, 6, 6, 7, 7, 7, 9, 10, 10, 10, 11, 12]
y_pred:
[ 1  4  5  6  6  6  6  6  4  5  6 12  1  1  4  5  6  6  4  5  6  7  9 10 12
 13 11 11 11  1  1  1  1  1  4  5  5  5  5  4  5  5  5  7  9 10 12  1  1  4
  5  5  6  6  6  5  4  5  5  5  5  5  9 10 11  1  1  1  2  3  4  5  5  6  6
  4  5  5  6  6  9 10 10 10 10 10 12 12 11 11  1  1  4  5  5  6  6  1  1  1
  4  5  6  6  6  6  6  4  5  5  5  5  9 10 10 11  1  5  5  5  5  5  5  4  4
  5  5  6  6  5  7  9 10 12 10 12  1 13 13 13 13 13 13 13 13  1  1  1  1  2
  4  5  5  5  5  5  5  4  5  5  6  6  6  6  7  7  7  9 10 10 10 11 12]
test_Y len is 173，and y_pred len is 173
**********************step=90**********************
0.820809248555
test_Y:
[2, 4, 5, 6, 6, 6, 6, 6, 4, 5, 5, 12, 1, 2, 4, 5, 6, 7, 4, 5, 6, 7, 9, 10, 12, 12, 11, 11, 12, 2, 1, 1, 1, 1, 5, 5, 4, 5, 5, 4, 6, 7, 7, 7, 10, 10, 12, 1, 2, 4, 5, 5, 6, 6, 6, 13, 4, 5, 5, 5, 5, 5, 9, 10, 12, 1, 1, 1, 2, 3, 4, 5, 5, 6, 6, 4, 5, 5, 6, 6, 9, 9, 10, 10, 10, 10, 12, 12, 11, 11, 1, 2, 4, 5, 5, 6, 7, 1, 1, 2, 4, 5, 6, 6, 6, 6, 7, 4, 5, 5, 5, 5, 9, 10, 10, 12, 4, 5, 5, 5, 5, 5, 5, 4, 5, 5, 6, 6, 6, 7, 7, 9, 10, 12, 11, 12, 13, 13, 13, 13, 13, 13, 13, 13, 13, 1, 1, 1, 1, 2, 4, 5, 5, 5, 5, 5, 5, 4, 5, 5, 6, 6, 6, 6, 7, 7, 7, 9, 10, 10, 10, 11, 12]
y_pred:
[ 1  4  5  6  6  6  6  6  4  5  6 12  1  1  4  5  6  5  4  5  6  7  9 10 12
 13 11 11 11  2  1  1  1  1  4  5  5  5  5  4  5  5  5  7  9 10 11  1  1  4
  5  5  6  6  6  5  4  5  5  5  5  5  9 10 11  1  1  1  2  3  4  5  5  6  6
  4  5  5  6  7  9 10 10 10 10 10 12 12 11 11  1  1  4  5  5  5  6  1  1  1
  4  5  6  6  6  6  6  4  5  5  5  7  9 10 10 11  1  5  5  5  1  5  5  4  5
  5  5  6  6  5  7  9 10 12 10 12  1 13 13 13 13 13 13 13 13  1  1  1  1  2
  4  5  5  5  5  5  5  4  5  5  6  6  6  6  7  7  7  9 10 10 10 11 12]
test_Y len is 173，and y_pred len is 173
**********************step=90**********************
0.820809248555
test_Y:
[2, 4, 5, 6, 6, 6, 6, 6, 4, 5, 5, 12, 1, 2, 4, 5, 6, 7, 4, 5, 6, 7, 9, 10, 12, 12, 11, 11, 12, 2, 1, 1, 1, 1, 5, 5, 4, 5, 5, 4, 6, 7, 7, 7, 10, 10, 12, 1, 2, 4, 5, 5, 6, 6, 6, 13, 4, 5, 5, 5, 5, 5, 9, 10, 12, 1, 1, 1, 2, 3, 4, 5, 5, 6, 6, 4, 5, 5, 6, 6, 9, 9, 10, 10, 10, 10, 12, 12, 11, 11, 1, 2, 4, 5, 5, 6, 7, 1, 1, 2, 4, 5, 6, 6, 6, 6, 7, 4, 5, 5, 5, 5, 9, 10, 10, 12, 4, 5, 5, 5, 5, 5, 5, 4, 5, 5, 6, 6, 6, 7, 7, 9, 10, 12, 11, 12, 13, 13, 13, 13, 13, 13, 13, 13, 13, 1, 1, 1, 1, 2, 4, 5, 5, 5, 5, 5, 5, 4, 5, 5, 6, 6, 6, 6, 7, 7, 7, 9, 10, 10, 10, 11, 12]
y_pred:
[ 1  4  5  6  6  6  6  6  4  5  6 12  1  1  4  5  6  6  4  5  6  5  9 10 12
 11 11 11 11  2  1  1  1  1  4  5  5  5  5  4  5  6  7  6  9 10 11  1  1  4
  5  5  6  6  6  6  4  5  5  5  5  5  9 10 11  1  1  1  2  3  4  5  5  6  5
  4  5  5  6  6  9 10 10 10 10 10 12 12 11 11  1  1  4  5  5  5  6  1  1  1
  4  5  6  6  6  6  6  4  5  5  5  5  9 10 10 11  1  5  5  5  5  5  5  4  5
  5  5  6  6  6  6  9 10 12 10 12  1 13 13 13 13 13 13 13 13  1  1  1  1  2
  4  5  5  5  5  5  5  4  5  5  6  6  6  6  7  7  7  9 10 10 10 11 12]
test_Y len is 173，and y_pred len is 173
**********************step=95**********************
0.815028901734
test_Y:
[2, 4, 5, 6, 6, 6, 6, 6, 4, 5, 5, 12, 1, 2, 4, 5, 6, 7, 4, 5, 6, 7, 9, 10, 12, 12, 11, 11, 12, 2, 1, 1, 1, 1, 5, 5, 4, 5, 5, 4, 6, 7, 7, 7, 10, 10, 12, 1, 2, 4, 5, 5, 6, 6, 6, 13, 4, 5, 5, 5, 5, 5, 9, 10, 12, 1, 1, 1, 2, 3, 4, 5, 5, 6, 6, 4, 5, 5, 6, 6, 9, 9, 10, 10, 10, 10, 12, 12, 11, 11, 1, 2, 4, 5, 5, 6, 7, 1, 1, 2, 4, 5, 6, 6, 6, 6, 7, 4, 5, 5, 5, 5, 9, 10, 10, 12, 4, 5, 5, 5, 5, 5, 5, 4, 5, 5, 6, 6, 6, 7, 7, 9, 10, 12, 11, 12, 13, 13, 13, 13, 13, 13, 13, 13, 13, 1, 1, 1, 1, 2, 4, 5, 5, 5, 5, 5, 5, 4, 5, 5, 6, 6, 6, 6, 7, 7, 7, 9, 10, 10, 10, 11, 12]
y_pred:
[ 1  4  5  6  6  6  5  6  4  5  6 12  1  1  4  5  6  6  4  5  6  7  9 10 12
 13 11 11 11  1  1  1  1  1  4  5  5  5  5  4  5  6  5  7  9 10 11  1  1  4
  5  5  6  6  6  5  4  5  5  5  5  5  9 10 11  1  1  1  2  3  4  5  5  6  6
  4  5  5  6  6  9 10 10 10 10 10 12 12 11 11  1  1  4  5  5  6  5  1  1  1
  4  5  6  5  6  6  6  4  5  6  5  5  9 10 10 11  1  5  5  5  5  5  5  4  5
  5  5  6  6  5  7  9 10 12 10 12  1 13 13 13 13 13 13 13 13  1  1  1  1  2
  4  5  5  5  5  5  5  4  5  5  6  6  6  6  7  6  7  9 10 10 10 11 12]
test_Y len is 173，and y_pred len is 173
**********************step=95**********************
0.838150289017
test_Y:
[2, 4, 5, 6, 6, 6, 6, 6, 4, 5, 5, 12, 1, 2, 4, 5, 6, 7, 4, 5, 6, 7, 9, 10, 12, 12, 11, 11, 12, 2, 1, 1, 1, 1, 5, 5, 4, 5, 5, 4, 6, 7, 7, 7, 10, 10, 12, 1, 2, 4, 5, 5, 6, 6, 6, 13, 4, 5, 5, 5, 5, 5, 9, 10, 12, 1, 1, 1, 2, 3, 4, 5, 5, 6, 6, 4, 5, 5, 6, 6, 9, 9, 10, 10, 10, 10, 12, 12, 11, 11, 1, 2, 4, 5, 5, 6, 7, 1, 1, 2, 4, 5, 6, 6, 6, 6, 7, 4, 5, 5, 5, 5, 9, 10, 10, 12, 4, 5, 5, 5, 5, 5, 5, 4, 5, 5, 6, 6, 6, 7, 7, 9, 10, 12, 11, 12, 13, 13, 13, 13, 13, 13, 13, 13, 13, 1, 1, 1, 1, 2, 4, 5, 5, 5, 5, 5, 5, 4, 5, 5, 6, 6, 6, 6, 7, 7, 7, 9, 10, 10, 10, 11, 12]
y_pred:
[ 1  4  5  6  6  7  6  6  4  5  6 12  1  1  4  5  6  6  4  5  6  7  9 10 12
 11 11 11 11  1  1  1  1  1  4  5  5  5  5  4  6  6  7  7  9 10 11  1  1  4
  5  5  6  6  6  6  4  5  5  5  5  5  9 10 11  1  1  1  2  3  4  5  5  5  6
  4  5  5  6  7  9 10 10 10 10 10 12 12 11 11  1  1  4  5  5  6  5  1  1  1
  4  5  6  6  6  6  6  4  5  5  5  5  9 10 12 12  1  5  5  5  5  5  5  4  5
  5  5  6  6  7  7  9 10 12 10 12  1 13 13 13 13 13 13 13 13  1  1  1  1  2
  4  5  5  5  5  5  5  4  5  5  6  6  6  6  7  7  7  9 10 10 10 11 12]
test_Y len is 173，and y_pred len is 173
**********************step=95**********************
0.838150289017
test_Y:
[2, 4, 5, 6, 6, 6, 6, 6, 4, 5, 5, 12, 1, 2, 4, 5, 6, 7, 4, 5, 6, 7, 9, 10, 12, 12, 11, 11, 12, 2, 1, 1, 1, 1, 5, 5, 4, 5, 5, 4, 6, 7, 7, 7, 10, 10, 12, 1, 2, 4, 5, 5, 6, 6, 6, 13, 4, 5, 5, 5, 5, 5, 9, 10, 12, 1, 1, 1, 2, 3, 4, 5, 5, 6, 6, 4, 5, 5, 6, 6, 9, 9, 10, 10, 10, 10, 12, 12, 11, 11, 1, 2, 4, 5, 5, 6, 7, 1, 1, 2, 4, 5, 6, 6, 6, 6, 7, 4, 5, 5, 5, 5, 9, 10, 10, 12, 4, 5, 5, 5, 5, 5, 5, 4, 5, 5, 6, 6, 6, 7, 7, 9, 10, 12, 11, 12, 13, 13, 13, 13, 13, 13, 13, 13, 13, 1, 1, 1, 1, 2, 4, 5, 5, 5, 5, 5, 5, 4, 5, 5, 6, 6, 6, 6, 7, 7, 7, 9, 10, 10, 10, 11, 12]
y_pred:
[ 1  4  5  6  6  6  6  6  4  5  5  4  1  1  4  5  6  6  4  5  6  5  9 10 12
 11 11 11 11  2  1  1  1  1  5  5  5  5  5  4  6  6  7  7  9 10 11  1  1  4
  5  5  6  6  6  6  4  5  5  5  5  5  9 10 11  1  1  1  2  3  4  5  5  6  6
  4  5  5  6  6  9 10 10 10 10 10 12 12 12 11  1  1  4  5  5  5  6  1  1  1
  4  5  6  6  6  6  6  4  5  5  5  7  9 10 10 11  1  5  5  5  5  5  5  4  5
  5  5  6  6  6  7  9 10 12 10 12  1 13 13 13 13 13 13 13 13  1  1  1  1  2
  4  5  5  5  5  5  5  4  5  5  6  6  6  6  7  7  7  9 10 10 10 11 12]
test_Y len is 173，and y_pred len is 173
**********************step=100**********************
0.820809248555
test_Y:
[2, 4, 5, 6, 6, 6, 6, 6, 4, 5, 5, 12, 1, 2, 4, 5, 6, 7, 4, 5, 6, 7, 9, 10, 12, 12, 11, 11, 12, 2, 1, 1, 1, 1, 5, 5, 4, 5, 5, 4, 6, 7, 7, 7, 10, 10, 12, 1, 2, 4, 5, 5, 6, 6, 6, 13, 4, 5, 5, 5, 5, 5, 9, 10, 12, 1, 1, 1, 2, 3, 4, 5, 5, 6, 6, 4, 5, 5, 6, 6, 9, 9, 10, 10, 10, 10, 12, 12, 11, 11, 1, 2, 4, 5, 5, 6, 7, 1, 1, 2, 4, 5, 6, 6, 6, 6, 7, 4, 5, 5, 5, 5, 9, 10, 10, 12, 4, 5, 5, 5, 5, 5, 5, 4, 5, 5, 6, 6, 6, 7, 7, 9, 10, 12, 11, 12, 13, 13, 13, 13, 13, 13, 13, 13, 13, 1, 1, 1, 1, 2, 4, 5, 5, 5, 5, 5, 5, 4, 5, 5, 6, 6, 6, 6, 7, 7, 7, 9, 10, 10, 10, 11, 12]
y_pred:
[ 1  4  4  6  6  5  6  6  4  5  5 12  1  1  4  5  6  6  4  5  6  7  9 10 12
 11 11 11 11  2  1  1  1  1  5  5  5  5  5  4  6  6  5  7  9 10 11  1  1  4
  5  5  6  6  6  6  4  5  5  5  5  5  9 10 11  1  1  1  2  3  4  5  5  6  5
  4  5  5  6  6  9 10 10 10 10 10 12 12 11 11  1  1  4  5  5  5  6  1  1  1
  4  5  6  6  6  6  6  4  5  6  5  7  9  9 10 11  1  5  5  5  5  5  5  4  5
  5  5  6  6  6  7  9 10 12 10 12  1 13 13 13 13 13 13 13 13  1  1  1  1  2
  4  5  5  5  5  5  5  4  5  5  6  6  6  6  7  7  7  9 10 10 10 11 12]
test_Y len is 173，and y_pred len is 173
**********************step=100**********************
0.820809248555
test_Y:
[2, 4, 5, 6, 6, 6, 6, 6, 4, 5, 5, 12, 1, 2, 4, 5, 6, 7, 4, 5, 6, 7, 9, 10, 12, 12, 11, 11, 12, 2, 1, 1, 1, 1, 5, 5, 4, 5, 5, 4, 6, 7, 7, 7, 10, 10, 12, 1, 2, 4, 5, 5, 6, 6, 6, 13, 4, 5, 5, 5, 5, 5, 9, 10, 12, 1, 1, 1, 2, 3, 4, 5, 5, 6, 6, 4, 5, 5, 6, 6, 9, 9, 10, 10, 10, 10, 12, 12, 11, 11, 1, 2, 4, 5, 5, 6, 7, 1, 1, 2, 4, 5, 6, 6, 6, 6, 7, 4, 5, 5, 5, 5, 9, 10, 10, 12, 4, 5, 5, 5, 5, 5, 5, 4, 5, 5, 6, 6, 6, 7, 7, 9, 10, 12, 11, 12, 13, 13, 13, 13, 13, 13, 13, 13, 13, 1, 1, 1, 1, 2, 4, 5, 5, 5, 5, 5, 5, 4, 5, 5, 6, 6, 6, 6, 7, 7, 7, 9, 10, 10, 10, 11, 12]
y_pred:
[ 1  4  4  6  6  6  6  6  4  5  6 12  1  1  4  5  6  5  4  5  6  5  9 10 12
 13 11 11 11  2  1  1  1  1  4  5  5  5  5  4  6  6  5  7  9 10 11  1  1  4
  5  5  6  6  6  5  4  5  5  5  5  5  9 10 11  1  1  1  2  3  4  5  5  5  6
  4  5  5  6  6  9 10 10 10 10 10 12 12 11 11  1  1  4  5  5  5  6  1  1  1
  5  5  6  6  6  6  6  4  5  5  5  7  9 10 10 12  1  5  5  5  5  5  5  4  5
  5  5  6  6  5  7  9 10 12 10 12  1 13 13 13 13 13 13 13 13  1  1  1  1  2
  4  5  5  5  5  5  5  4  5  5  6  6  6  6  7  7  7  9 10 10 10 11 12]
test_Y len is 173，and y_pred len is 173
**********************step=100**********************
0.832369942197
test_Y:
[2, 4, 5, 6, 6, 6, 6, 6, 4, 5, 5, 12, 1, 2, 4, 5, 6, 7, 4, 5, 6, 7, 9, 10, 12, 12, 11, 11, 12, 2, 1, 1, 1, 1, 5, 5, 4, 5, 5, 4, 6, 7, 7, 7, 10, 10, 12, 1, 2, 4, 5, 5, 6, 6, 6, 13, 4, 5, 5, 5, 5, 5, 9, 10, 12, 1, 1, 1, 2, 3, 4, 5, 5, 6, 6, 4, 5, 5, 6, 6, 9, 9, 10, 10, 10, 10, 12, 12, 11, 11, 1, 2, 4, 5, 5, 6, 7, 1, 1, 2, 4, 5, 6, 6, 6, 6, 7, 4, 5, 5, 5, 5, 9, 10, 10, 12, 4, 5, 5, 5, 5, 5, 5, 4, 5, 5, 6, 6, 6, 7, 7, 9, 10, 12, 11, 12, 13, 13, 13, 13, 13, 13, 13, 13, 13, 1, 1, 1, 1, 2, 4, 5, 5, 5, 5, 5, 5, 4, 5, 5, 6, 6, 6, 6, 7, 7, 7, 9, 10, 10, 10, 11, 12]
y_pred:
[ 1  4  5  6  6  6  5  6  4  5  5 12  1  1  4  5  6  7  4  5  6  5  9 10 12
 13 11 11 11  2  1  1  1  1  4  5  5  5  5  4  6  5  5  7  9 10 11  1  1  4
  5  5  6  6  6  6  4  5  5  5  5  5  9 10 11  1  1  1  2  3  4  5  5  6  5
  4  5  5  6  6  9 10 10 10 10 10 12 12 11 11  1  1  4  5  5  6  5  1  1  1
  4  5  6  5  6  6  6  4  5  5  5  7  9 10 10 11  1  5  5  5  5  5  5  4  5
  5  5  6  6  6  7  9 10 12 10 12  1 13 13 13 13 13 13 13 13  1  1  1  1  2
  4  5  5  5  5  5  5  4  5  5  6  6  6  6  7  7  7  9 10 10 10 11 12]
test_Y len is 173，and y_pred len is 173
