0.784037558685
test_Y:
[11, 12, 1, 1, 1, 2, 4, 5, 5, 5, 5, 4, 5, 5, 5, 5, 5, 9, 10, 12, 11, 13, 4, 5, 5, 5, 4, 5, 5, 5, 4, 5, 5, 5, 4, 5, 5, 5, 1, 2, 4, 5, 5, 6, 6, 6, 6, 4, 5, 5, 4, 5, 1, 12, 12, 1, 1, 1, 1, 4, 5, 5, 4, 5, 6, 6, 7, 7, 9, 10, 12, 12, 11, 11, 1, 1, 2, 4, 5, 5, 5, 5, 5, 4, 6, 6, 6, 6, 6, 6, 7, 7, 9, 10, 11, 11, 12, 1, 1, 1, 2, 3, 4, 5, 5, 6, 6, 6, 6, 6, 6, 4, 5, 5, 6, 6, 6, 7, 7, 7, 9, 10, 10, 12, 12, 11, 11, 12, 1, 2, 2, 3, 4, 5, 5, 5, 5, 5, 5, 4, 5, 5, 5, 5, 5, 9, 10, 10, 11, 11, 12, 2, 4, 5, 5, 5, 5, 5, 5, 5, 5, 4, 5, 5, 5, 5, 5, 5, 5, 9, 9, 9, 10, 12, 1, 2, 4, 6, 6, 6, 6, 6, 6, 4, 5, 5, 5, 5, 9, 10, 10, 12, 11, 12, 1, 1, 2, 4, 5, 6, 6, 6, 6, 6, 4, 5, 5, 9, 10, 10, 12, 11, 12]
Y_pred:
[11 12  1  1  1  3  4  5  5  5  5  4  4  5  5  6  5  9 10 12 11 13  4  5  5
  5  4  5  5  5  4  5  5  5 11  5  5  5  1  1  4  4  5  6  5  7  7  4  5  5
  4  5 11  5 13  1  1  1  1  4  5  5  4  5  6  6  7  5  9 10 12 12 12 12  1
  1  1  4  5  5  5  5  5  4  6  6  6  6  6  6  6  7  9 10 11 11 12  1  1  1
  1  1  4  5  5  6  6  6  6  6  6  4  5  5  6  6  5  7  5  7  9 10 10 10 12
 11 11 11  1  1  2  3  4  5  5  5  7  5  5  5  5  5  7  5  5  9 10  9 12 11
 11  2  3  2  1  3  2  4  5  6  4  4  5  5  5  5  5  5  7  9  9  9 11 11  1
  2  4  5  6  6  6  6  6  4  5  5  5  8  9 10 10 12 11 12  1  1  2  4  5  5
  5  7  6  6  4  5  5  9 10 10 12 11 12]
test_Y len is 213Y_pred len is 213
[('6-5', 5), ('5-4', 4), ('2-1', 4), ('5-7', 3), ('11-12', 3), ('6-7', 3), ('12-11', 3), ('5-2', 2), ('7-5', 2), ('5-6', 2), ('4-3', 1), ('5-3', 1), ('4-5', 1), ('12-10', 1), ('4-11', 1), ('5-1', 1), ('7-6', 1), ('10-11', 1), ('12-5', 1), ('12-13', 1), ('5-8', 1), ('3-1', 1), ('2-3', 1), ('1-11', 1), ('10-9', 1)]0.75117370892
test_Y:
[11, 12, 1, 1, 1, 2, 4, 5, 5, 5, 5, 4, 5, 5, 5, 5, 5, 9, 10, 12, 11, 13, 4, 5, 5, 5, 4, 5, 5, 5, 4, 5, 5, 5, 4, 5, 5, 5, 1, 2, 4, 5, 5, 6, 6, 6, 6, 4, 5, 5, 4, 5, 1, 12, 12, 1, 1, 1, 1, 4, 5, 5, 4, 5, 6, 6, 7, 7, 9, 10, 12, 12, 11, 11, 1, 1, 2, 4, 5, 5, 5, 5, 5, 4, 6, 6, 6, 6, 6, 6, 7, 7, 9, 10, 11, 11, 12, 1, 1, 1, 2, 3, 4, 5, 5, 6, 6, 6, 6, 6, 6, 4, 5, 5, 6, 6, 6, 7, 7, 7, 9, 10, 10, 12, 12, 11, 11, 12, 1, 2, 2, 3, 4, 5, 5, 5, 5, 5, 5, 4, 5, 5, 5, 5, 5, 9, 10, 10, 11, 11, 12, 2, 4, 5, 5, 5, 5, 5, 5, 5, 5, 4, 5, 5, 5, 5, 5, 5, 5, 9, 9, 9, 10, 12, 1, 2, 4, 6, 6, 6, 6, 6, 6, 4, 5, 5, 5, 5, 9, 10, 10, 12, 11, 12, 1, 1, 2, 4, 5, 6, 6, 6, 6, 6, 4, 5, 5, 9, 10, 10, 12, 11, 12]
Y_pred:
[11 12  1  2  1  2  4  5  4  6  5  4  5  5  5  5  5  9 10 12 11 13  4  5  5
  5  4  5  5  5  9  9  5 10  4 12 12 11  1  2  4  5  4  5  6  6  6  4  5  5
  9 10 13 11 13  2  1  1  4  4  5  5  4  5  6  6  6  6  9 10 12 12 11 11  1
  1  2  4  5  5  5  7  7  4  6  5  6  6  6  6  6  6  9 10 12 11 12  1  2  2
  2  1  4  5  5  6  6  5  6  6  6  4  5  5  6  6  6  7  7  6  9 10 10 12 12
 11 11 12  1  2  2  3  4  5  5  5  5  5  7  5  5  5  5  5  7 10 10 10 11 11
 12  2  3  2  3  3  3  4  5  4  6  4  5  5  4  5  5  5  4  9 10  9 10 12  1
  2  4  6  6  6  6  6  5  4  5  5  5  7  9 10 12 12 11 12  1  2  2  4  5  5
  5  6  6  6  4  5  5  9 10 10 12 13 12]
test_Y len is 213Y_pred len is 213
[('6-5', 6), ('5-4', 6), ('5-7', 5), ('1-2', 5), ('7-6', 5), ('5-3', 3), ('5-10', 2), ('5-12', 2), ('9-10', 2), ('4-9', 2), ('5-6', 2), ('5-11', 1), ('4-5', 1), ('12-11', 1), ('1-13', 1), ('12-13', 1), ('10-12', 1), ('4-3', 1), ('1-4', 1), ('5-2', 1), ('5-9', 1), ('11-12', 1), ('11-13', 1), ('3-1', 1)]0.830985915493
test_Y:
[11, 12, 1, 1, 1, 2, 4, 5, 5, 5, 5, 4, 5, 5, 5, 5, 5, 9, 10, 12, 11, 13, 4, 5, 5, 5, 4, 5, 5, 5, 4, 5, 5, 5, 4, 5, 5, 5, 1, 2, 4, 5, 5, 6, 6, 6, 6, 4, 5, 5, 4, 5, 1, 12, 12, 1, 1, 1, 1, 4, 5, 5, 4, 5, 6, 6, 7, 7, 9, 10, 12, 12, 11, 11, 1, 1, 2, 4, 5, 5, 5, 5, 5, 4, 6, 6, 6, 6, 6, 6, 7, 7, 9, 10, 11, 11, 12, 1, 1, 1, 2, 3, 4, 5, 5, 6, 6, 6, 6, 6, 6, 4, 5, 5, 6, 6, 6, 7, 7, 7, 9, 10, 10, 12, 12, 11, 11, 12, 1, 2, 2, 3, 4, 5, 5, 5, 5, 5, 5, 4, 5, 5, 5, 5, 5, 9, 10, 10, 11, 11, 12, 2, 4, 5, 5, 5, 5, 5, 5, 5, 5, 4, 5, 5, 5, 5, 5, 5, 5, 9, 9, 9, 10, 12, 1, 2, 4, 6, 6, 6, 6, 6, 6, 4, 5, 5, 5, 5, 9, 10, 10, 12, 11, 12, 1, 1, 2, 4, 5, 6, 6, 6, 6, 6, 4, 5, 5, 9, 10, 10, 12, 11, 12]
Y_pred:
[11 12  1  1  1  1  4  5  5  5  5  4  5  5  5  6  5  9 10 12 11 13  4  5  5
  5  4  5  5  5  9  9  9  5  9  9  9  5  1  1  4  5  5  5  6  6  6  4  5  5
  4  5  9  4 11  1  1  1  1  4  5  5  4  5  6  6  6  7  9 10 12 12 11 11  1
  1  2  4  5  5  5  5  5  4  6  6  6  6  6  6  6  7  9 10 11 11 12  1  1  1
  2  1  4  5  5  6  6  5  6  6  6  4  5  5  5  6  6  7  7  7  9 10 10 12 11
 11 11 12  1  1  2  3  4  5  5  5  5  5  5  5  5  5  5  5  5  9  9 10 11 11
 12  1  3  5  4  5  5  5  5  5  6  5  5  5  5  5  5  5  7  9 10  9 10 11  1
  2  4  6  6  6  5  6  6  4  5  5  5  5  9 10 12 12 11 12  1  1  2  4  5  5
  5  6  6  6  4  5  5  9 10 10 12 13 13]
test_Y len is 213Y_pred len is 213
[('6-5', 6), ('2-1', 4), ('5-9', 4), ('12-11', 3), ('4-5', 2), ('7-6', 2), ('5-6', 2), ('4-9', 2), ('10-9', 1), ('1-9', 1), ('11-13', 1), ('12-13', 1), ('5-7', 1), ('12-4', 1), ('4-3', 1), ('10-12', 1), ('5-4', 1), ('3-1', 1), ('9-10', 1)]