0.737089201878
test_Y:
[11, 12, 1, 1, 1, 2, 4, 5, 5, 5, 5, 4, 5, 5, 5, 5, 5, 9, 10, 12, 11, 13, 4, 5, 5, 5, 4, 5, 5, 5, 4, 5, 5, 5, 4, 5, 5, 5, 1, 2, 4, 5, 5, 6, 6, 6, 6, 4, 5, 5, 4, 5, 1, 12, 12, 1, 1, 1, 1, 4, 5, 5, 4, 5, 6, 6, 7, 7, 9, 10, 12, 12, 11, 11, 1, 1, 2, 4, 5, 5, 5, 5, 5, 4, 6, 6, 6, 6, 6, 6, 7, 7, 9, 10, 11, 11, 12, 1, 1, 1, 2, 3, 4, 5, 5, 6, 6, 6, 6, 6, 6, 4, 5, 5, 6, 6, 6, 7, 7, 7, 9, 10, 10, 12, 12, 11, 11, 12, 1, 2, 2, 3, 4, 5, 5, 5, 5, 5, 5, 4, 5, 5, 5, 5, 5, 9, 10, 10, 11, 11, 12, 2, 4, 5, 5, 5, 5, 5, 5, 5, 5, 4, 5, 5, 5, 5, 5, 5, 5, 9, 9, 9, 10, 12, 1, 2, 4, 6, 6, 6, 6, 6, 6, 4, 5, 5, 5, 5, 9, 10, 10, 12, 11, 12, 1, 1, 2, 4, 5, 6, 6, 6, 6, 6, 4, 5, 5, 9, 10, 10, 12, 11, 12]
Y_pred:
[11 12  1  1  1  2  5  5  6  6  5  4  5  5  5  6  5  9 10 12 11 13  4  5  5
  5  4  5  5  5  9  5  5  5 11  5 11 11  1  2  4  4  5  6  5  6  6  4  4  5
  9  9 11 11 13  1  1  1  4  4  5  6  4  5  6  6  7  7  9 10 12 12 11 12  1
  1  2  4  5  5  5  5  6  4  6  6  6  6  6  6  7  7 10 10 11 12 12  1  1  1
  1  3  4  4  5  6  6  6  6  6  6  4  5  5  5  4  6  6  7  6  9 10 10 12 11
 11 12 12  1  1  2  3  4  5  5  5  6  5  5  4  5  5  6  6  5  9 10 12 13 11
 12  1  3  2  5  3 13  4  5  5  5  5  5  5  5  7  7  5  5  9 10  9 11 11  1
  2  4  6  6  6  7  6  6  4  5  5  6  6  9 10 12 12 11 12  1  1  2  4  4  5
  6  6  6  6  4  5  5  9 10 10 12 13 11]
test_Y len is 213Y_pred len is 213
[('5-6', 10), ('5-4', 5), ('12-11', 4), ('2-1', 3), ('6-5', 3), ('11-12', 3), ('4-5', 2), ('4-9', 2), ('9-10', 2), ('7-6', 2), ('10-12', 2), ('5-11', 2), ('5-7', 2), ('11-13', 2), ('4-11', 1), ('1-4', 1), ('6-7', 1), ('5-2', 1), ('10-11', 1), ('4-3', 1), ('5-13', 1), ('12-13', 1), ('5-3', 1), ('5-9', 1), ('6-4', 1), ('1-11', 1)]0.774647887324
test_Y:
[11, 12, 1, 1, 1, 2, 4, 5, 5, 5, 5, 4, 5, 5, 5, 5, 5, 9, 10, 12, 11, 13, 4, 5, 5, 5, 4, 5, 5, 5, 4, 5, 5, 5, 4, 5, 5, 5, 1, 2, 4, 5, 5, 6, 6, 6, 6, 4, 5, 5, 4, 5, 1, 12, 12, 1, 1, 1, 1, 4, 5, 5, 4, 5, 6, 6, 7, 7, 9, 10, 12, 12, 11, 11, 1, 1, 2, 4, 5, 5, 5, 5, 5, 4, 6, 6, 6, 6, 6, 6, 7, 7, 9, 10, 11, 11, 12, 1, 1, 1, 2, 3, 4, 5, 5, 6, 6, 6, 6, 6, 6, 4, 5, 5, 6, 6, 6, 7, 7, 7, 9, 10, 10, 12, 12, 11, 11, 12, 1, 2, 2, 3, 4, 5, 5, 5, 5, 5, 5, 4, 5, 5, 5, 5, 5, 9, 10, 10, 11, 11, 12, 2, 4, 5, 5, 5, 5, 5, 5, 5, 5, 4, 5, 5, 5, 5, 5, 5, 5, 9, 9, 9, 10, 12, 1, 2, 4, 6, 6, 6, 6, 6, 6, 4, 5, 5, 5, 5, 9, 10, 10, 12, 11, 12, 1, 1, 2, 4, 5, 6, 6, 6, 6, 6, 4, 5, 5, 9, 10, 10, 12, 11, 12]
Y_pred:
[11 12  1  1  1  2  4  5  4  6  5  4  5  5  5  6  6  9 10 12 11 13  4  5  5
  5  5  5  5  5  5  5  5  5 11 12  5  5  1  2  4  5  5  6  6  6  6  4  5  5
 12  5 11 12 11  1  1  1  4  4  5  6  4  5  6  6  7  4  9 10 12 12 11 11  1
  1  2  4  5  5  5  4  5  4  6  6  6  6  6  6  7  7  9 10 12 11 12  1  1  1
  1  3  4  5  5  6  6  6  6  6  6  4  5  5  5  7  6  6  7  7  9 10 10 12 12
 11 11 12  1  1  2  3  4  4  6  5  5  5  5  4  5  5  5  6  7  9 10 12 12 11
 12  1  3  2  1  3 13  4  5  6  6  4  5  5  5  5  5  5  4  9 10  9 10 12  1
  2  4  6  4  6  5  6  6  4  4  5  5  8  9 10 12 12 12 12  1  2  2  4  5  5
  6  6  6  7  4  5  5  9 10 10 12 13 12]
test_Y len is 213Y_pred len is 213
[('5-6', 8), ('5-4', 6), ('2-1', 3), ('11-12', 3), ('6-5', 3), ('6-7', 2), ('10-12', 2), ('4-5', 2), ('5-13', 1), ('4-12', 1), ('4-11', 1), ('4-3', 1), ('5-8', 1), ('7-4', 1), ('7-6', 1), ('5-2', 1), ('9-10', 1), ('5-7', 1), ('12-11', 1), ('5-12', 1), ('1-4', 1), ('5-1', 1), ('1-11', 1), ('1-2', 1), ('11-13', 1), ('5-3', 1), ('6-4', 1)]0.741784037559
test_Y:
[11, 12, 1, 1, 1, 2, 4, 5, 5, 5, 5, 4, 5, 5, 5, 5, 5, 9, 10, 12, 11, 13, 4, 5, 5, 5, 4, 5, 5, 5, 4, 5, 5, 5, 4, 5, 5, 5, 1, 2, 4, 5, 5, 6, 6, 6, 6, 4, 5, 5, 4, 5, 1, 12, 12, 1, 1, 1, 1, 4, 5, 5, 4, 5, 6, 6, 7, 7, 9, 10, 12, 12, 11, 11, 1, 1, 2, 4, 5, 5, 5, 5, 5, 4, 6, 6, 6, 6, 6, 6, 7, 7, 9, 10, 11, 11, 12, 1, 1, 1, 2, 3, 4, 5, 5, 6, 6, 6, 6, 6, 6, 4, 5, 5, 6, 6, 6, 7, 7, 7, 9, 10, 10, 12, 12, 11, 11, 12, 1, 2, 2, 3, 4, 5, 5, 5, 5, 5, 5, 4, 5, 5, 5, 5, 5, 9, 10, 10, 11, 11, 12, 2, 4, 5, 5, 5, 5, 5, 5, 5, 5, 4, 5, 5, 5, 5, 5, 5, 5, 9, 9, 9, 10, 12, 1, 2, 4, 6, 6, 6, 6, 6, 6, 4, 5, 5, 5, 5, 9, 10, 10, 12, 11, 12, 1, 1, 2, 4, 5, 6, 6, 6, 6, 6, 4, 5, 5, 9, 10, 10, 12, 11, 12]
Y_pred:
[11 12  1  2  1  3  4  5  5  6  5  4  5  5  5  5  5  9 10 12 11 13  4  5  5
  5  4  5  5  5  9  5  5  5 12 12  9 11  1  2  4  4  5  6  6  6  5  4  5  5
  9  5 12 11 11  1  1  1  2  4  5  6  4  5  6  5  6  6  9 10 12 12 13 12  1
  1  1  4  5  5  5  6  6  4  6  6  6  6  6  6  6  6  9 10 12 11 12  1  1  1
  2  1  4  5  6  6  6  6  6  6  6  4  5  5  6  6  6  7  7  6  9 10 10 12 12
 11 12 12  1  1  2  3  4  5  6  6  5  5  5  4  5  5  6  5  6  9  9 10 11 11
 12  1  3  1  1  3 13  4  5  4  6  4  5  5  5  5  6  5  5  9  9  9 12 11  1
  2  4  6  6  6  6  6  6  4  4  5  5  8  9 10 12 12 11 12  1  1  2  4  5  5
  6  6  6  6  4  5  5  9 10 10 12 12 11]
test_Y len is 213Y_pred len is 213
[('5-6', 11), ('7-6', 5), ('5-4', 4), ('12-11', 4), ('11-12', 4), ('2-1', 3), ('6-5', 3), ('10-12', 2), ('1-2', 2), ('5-1', 2), ('4-9', 2), ('10-9', 1), ('2-3', 1), ('3-1', 1), ('4-12', 1), ('5-11', 1), ('5-9', 1), ('11-13', 1), ('5-8', 1), ('5-13', 1), ('1-12', 1), ('5-12', 1), ('4-3', 1), ('5-3', 1)]