**********************step=1**********************
0.784037558685
test_Y:
[11, 12, 1, 1, 1, 2, 4, 5, 5, 5, 5, 4, 5, 5, 5, 5, 5, 9, 10, 12, 11, 13, 4, 5, 5, 5, 4, 5, 5, 5, 4, 5, 5, 5, 4, 5, 5, 5, 1, 2, 4, 5, 5, 6, 6, 6, 6, 4, 5, 5, 4, 5, 1, 12, 12, 1, 1, 1, 1, 4, 5, 5, 4, 5, 6, 6, 7, 7, 9, 10, 12, 12, 11, 11, 1, 1, 2, 4, 5, 5, 5, 5, 5, 4, 6, 6, 6, 6, 6, 6, 7, 7, 9, 10, 11, 11, 12, 1, 1, 1, 2, 3, 4, 5, 5, 6, 6, 6, 6, 6, 6, 4, 5, 5, 6, 6, 6, 7, 7, 7, 9, 10, 10, 12, 12, 11, 11, 12, 1, 2, 2, 3, 4, 5, 5, 5, 5, 5, 5, 4, 5, 5, 5, 5, 5, 9, 10, 10, 11, 11, 12, 2, 4, 5, 5, 5, 5, 5, 5, 5, 5, 4, 5, 5, 5, 5, 5, 5, 5, 9, 9, 9, 10, 12, 1, 2, 4, 6, 6, 6, 6, 6, 6, 4, 5, 5, 5, 5, 9, 10, 10, 12, 11, 12, 1, 1, 2, 4, 5, 6, 6, 6, 6, 6, 4, 5, 5, 9, 10, 10, 12, 11, 12]
Y_pred:
[11 12  1  1  1  2  5  5  4  5  5  4  5  5  5  5  5  9 10 12 11 13  4  5  5
  5  4  5  5  5  4  5 10 10 12 12 12 11  1  2  4  5  5  6  6  6  6  4  5  5
  9  5 12 11 11  1  1  1  2  4  5  5  4  5  6  5  7  7  9 10 12 12 11 11  1
  1  1  4  5  5  5  6  6  4  6  6  6  6  6  6  7  7  9 10 12 11 12  1  1  1
  2  1  4  5  5  5  6  6  6  6  6  4  5  5  5  6  6  6  7  7  9 10 10 12 12
 11 11 12  1  1  2  3  4  5  6  4  6  4  5  5  5  5  5  5  5  9 10 10 12 11
 11  1  1  2  2  3 13  4  5  5  6  4  5  5  4  5  5  5  5  9 10  9 12 12  1
  2  4  6  6  6  6  6  6  4  5  5  5  5  9 10 12 12 11 12  1  1  2  4  5  5
  6  6  6  7  4  5  5  9 10 10 12 12 13]
test_Y len is 213Y_pred len is 213
[('5-6', 5), ('5-4', 5), ('6-5', 4), ('2-1', 3), ('11-12', 3), ('12-11', 3), ('4-5', 2), ('5-12', 2), ('5-2', 2), ('10-12', 2), ('5-10', 2), ('7-6', 1), ('1-12', 1), ('3-1', 1), ('4-12', 1), ('12-13', 1), ('5-13', 1), ('4-9', 1), ('9-10', 1), ('6-7', 1), ('5-11', 1), ('5-3', 1), ('4-1', 1), ('1-2', 1)]
**********************step=1**********************
0.718309859155
test_Y:
[11, 12, 1, 1, 1, 2, 4, 5, 5, 5, 5, 4, 5, 5, 5, 5, 5, 9, 10, 12, 11, 13, 4, 5, 5, 5, 4, 5, 5, 5, 4, 5, 5, 5, 4, 5, 5, 5, 1, 2, 4, 5, 5, 6, 6, 6, 6, 4, 5, 5, 4, 5, 1, 12, 12, 1, 1, 1, 1, 4, 5, 5, 4, 5, 6, 6, 7, 7, 9, 10, 12, 12, 11, 11, 1, 1, 2, 4, 5, 5, 5, 5, 5, 4, 6, 6, 6, 6, 6, 6, 7, 7, 9, 10, 11, 11, 12, 1, 1, 1, 2, 3, 4, 5, 5, 6, 6, 6, 6, 6, 6, 4, 5, 5, 6, 6, 6, 7, 7, 7, 9, 10, 10, 12, 12, 11, 11, 12, 1, 2, 2, 3, 4, 5, 5, 5, 5, 5, 5, 4, 5, 5, 5, 5, 5, 9, 10, 10, 11, 11, 12, 2, 4, 5, 5, 5, 5, 5, 5, 5, 5, 4, 5, 5, 5, 5, 5, 5, 5, 9, 9, 9, 10, 12, 1, 2, 4, 6, 6, 6, 6, 6, 6, 4, 5, 5, 5, 5, 9, 10, 10, 12, 11, 12, 1, 1, 2, 4, 5, 6, 6, 6, 6, 6, 4, 5, 5, 9, 10, 10, 12, 11, 12]
Y_pred:
[11 12  1  2  1  3  4  5  5  5  5  4  5  5  5  6  5  9 10 12 11 13  4  5  5
  5  4  5  5  5  9  9  5  5 11 12 12  5  1  1  4  4  5  5  6  6  6  4  5  5
  9  9 10 11 12  1  1  1  1  4  5  6  4  5  6  4  5  6  9 10 12 12 11 12  1
  1  2  4  5  5  5  4  6  4  5  4  6  6  6  6  5  6  9 10 12 12 11  1  1  1
  1  1  4  5  4  6  6  6  6  6  6  4  5  5  5  4  6  7  4  6  9 10 10 12 12
 11 11 12  1  1  2  3  4  5  5  5  6  5  5  4  5  5  5  6  5  9  9 10 11 11
 11  1  1  1  6  3  2  4  4  5  6  4  5  5  6  5  5  5  5  9  9  9 10 11  1
  2  4  6  4  6  5  6  6  4  5  5  6  5  9 10 12 12 11 12  1  1  1  4  5  5
  6  6  6  6  4  5  5  9 10 10 12 13 13]
test_Y len is 213Y_pred len is 213
[('5-6', 9), ('2-1', 5), ('6-5', 5), ('5-4', 5), ('6-4', 4), ('12-11', 4), ('7-6', 3), ('11-12', 3), ('5-12', 2), ('5-9', 2), ('7-5', 2), ('4-9', 2), ('10-9', 1), ('5-1', 1), ('2-3', 1), ('7-4', 1), ('12-13', 1), ('1-10', 1), ('4-1', 1), ('3-1', 1), ('10-12', 1), ('11-13', 1), ('4-11', 1), ('5-3', 1), ('5-2', 1), ('1-2', 1)]
**********************step=1**********************
0.784037558685
test_Y:
[11, 12, 1, 1, 1, 2, 4, 5, 5, 5, 5, 4, 5, 5, 5, 5, 5, 9, 10, 12, 11, 13, 4, 5, 5, 5, 4, 5, 5, 5, 4, 5, 5, 5, 4, 5, 5, 5, 1, 2, 4, 5, 5, 6, 6, 6, 6, 4, 5, 5, 4, 5, 1, 12, 12, 1, 1, 1, 1, 4, 5, 5, 4, 5, 6, 6, 7, 7, 9, 10, 12, 12, 11, 11, 1, 1, 2, 4, 5, 5, 5, 5, 5, 4, 6, 6, 6, 6, 6, 6, 7, 7, 9, 10, 11, 11, 12, 1, 1, 1, 2, 3, 4, 5, 5, 6, 6, 6, 6, 6, 6, 4, 5, 5, 6, 6, 6, 7, 7, 7, 9, 10, 10, 12, 12, 11, 11, 12, 1, 2, 2, 3, 4, 5, 5, 5, 5, 5, 5, 4, 5, 5, 5, 5, 5, 9, 10, 10, 11, 11, 12, 2, 4, 5, 5, 5, 5, 5, 5, 5, 5, 4, 5, 5, 5, 5, 5, 5, 5, 9, 9, 9, 10, 12, 1, 2, 4, 6, 6, 6, 6, 6, 6, 4, 5, 5, 5, 5, 9, 10, 10, 12, 11, 12, 1, 1, 2, 4, 5, 6, 6, 6, 6, 6, 4, 5, 5, 9, 10, 10, 12, 11, 12]
Y_pred:
[11 12  1  1  1  1  4  5  6  6  5  4  5  5  5  6  5  9 10 12 11 13  4  5  5
  5  4  5  5  5  4 10  5  5 12 12 12 11  1  3  4  4  5  5  6  6  6  4  5  5
  9  1 12 12 11  1  1  1  1  4  5  5  4  5  6  6  5  6  9 10 12 12 11 11  1
  1  2  4  5  5  5  5  5  4  6  6  6  6  6  6  5  7  9 10 11 11 11  1  1  1
  2  1  4  5  5  6  6  5  6  6  7  4  5  5  5  6  6  7  7  7  9 10 10 12 12
 11 11 12  1  2  2  3  4  5  5  5  5  5  5  4  5  5  6  6  6  9 10 10 12 11
 11  1  1  1  5  1  2  4  5  5  5  4  5  5  6  5  5  5  5  9 10  9 12 11  1
  2  4  6  5  6  5  6  6  4  5  5  5  5  9 10 12 12 12 12  1  1  2  4  5  5
  6  6  6  6  4  5  5  9 10 10 12 12 11]
test_Y len is 213Y_pred len is 213
[('5-6', 7), ('6-5', 6), ('12-11', 5), ('5-1', 3), ('11-12', 3), ('10-12', 2), ('7-5', 2), ('5-12', 2), ('2-1', 2), ('5-4', 2), ('4-9', 1), ('1-12', 1), ('5-10', 1), ('2-3', 1), ('3-1', 1), ('4-12', 1), ('6-7', 1), ('5-11', 1), ('9-10', 1), ('7-6', 1), ('4-1', 1), ('5-2', 1)]
**********************step=1**********************
0.737089201878
test_Y:
[11, 12, 1, 1, 1, 2, 4, 5, 5, 5, 5, 4, 5, 5, 5, 5, 5, 9, 10, 12, 11, 13, 4, 5, 5, 5, 4, 5, 5, 5, 4, 5, 5, 5, 4, 5, 5, 5, 1, 2, 4, 5, 5, 6, 6, 6, 6, 4, 5, 5, 4, 5, 1, 12, 12, 1, 1, 1, 1, 4, 5, 5, 4, 5, 6, 6, 7, 7, 9, 10, 12, 12, 11, 11, 1, 1, 2, 4, 5, 5, 5, 5, 5, 4, 6, 6, 6, 6, 6, 6, 7, 7, 9, 10, 11, 11, 12, 1, 1, 1, 2, 3, 4, 5, 5, 6, 6, 6, 6, 6, 6, 4, 5, 5, 6, 6, 6, 7, 7, 7, 9, 10, 10, 12, 12, 11, 11, 12, 1, 2, 2, 3, 4, 5, 5, 5, 5, 5, 5, 4, 5, 5, 5, 5, 5, 9, 10, 10, 11, 11, 12, 2, 4, 5, 5, 5, 5, 5, 5, 5, 5, 4, 5, 5, 5, 5, 5, 5, 5, 9, 9, 9, 10, 12, 1, 2, 4, 6, 6, 6, 6, 6, 6, 4, 5, 5, 5, 5, 9, 10, 10, 12, 11, 12, 1, 1, 2, 4, 5, 6, 6, 6, 6, 6, 4, 5, 5, 9, 10, 10, 12, 11, 12]
Y_pred:
[11 12  1  2  1  2  4  5  5  5  4  4  5  5  5  6  5  9 10 12 11 13  4  5  5
  5  4  5  5  5  9 10  5 10 11 12  5 12  1  3  4  4  5  6  6  6  7  4  5  5
  9  6 12 11 11  1  1  1  3  4  5  6  4  5  6  6  6  7  9 10 12 12 11 12  1
  1  2  4  5  5  5  5  6  4  6  6  6  6  6  6  6  7  9 10 12 11 11  1  1  1
  2  3  4  5  4  6  6  6  6  6  6  4  5  5  6  6  6  7  7  5  9 10 10 12 12
 11 11 11  1  1  2  3  4  5  5  5  5  5  5  4  5  5  4  4  6  9 10 10 11 11
 12  1  3  2  3  3  5  4  5  6  6  4  5  6  5  5  5  5  7 10 10  9 12 11  1
  2  4  6  5  6  6  6  6  4  4  5  5  8  9 10 12 12 11 12  1  1  2  4  5  5
  5  6  7  7  4  5  5  9 10 10 12 13 13]
test_Y len is 213Y_pred len is 213
[('5-6', 8), ('5-4', 7), ('12-11', 5), ('6-5', 3), ('6-7', 3), ('5-12', 2), ('7-6', 2), ('10-12', 2), ('4-9', 2), ('2-1', 2), ('9-10', 2), ('5-10', 2), ('5-3', 2), ('11-12', 2), ('11-13', 1), ('12-13', 1), ('2-3', 1), ('1-12', 1), ('4-3', 1), ('5-8', 1), ('1-3', 1), ('1-2', 1), ('4-11', 1), ('7-5', 1), ('5-2', 1), ('5-7', 1)]
**********************step=1**********************
0.788732394366
test_Y:
[11, 12, 1, 1, 1, 2, 4, 5, 5, 5, 5, 4, 5, 5, 5, 5, 5, 9, 10, 12, 11, 13, 4, 5, 5, 5, 4, 5, 5, 5, 4, 5, 5, 5, 4, 5, 5, 5, 1, 2, 4, 5, 5, 6, 6, 6, 6, 4, 5, 5, 4, 5, 1, 12, 12, 1, 1, 1, 1, 4, 5, 5, 4, 5, 6, 6, 7, 7, 9, 10, 12, 12, 11, 11, 1, 1, 2, 4, 5, 5, 5, 5, 5, 4, 6, 6, 6, 6, 6, 6, 7, 7, 9, 10, 11, 11, 12, 1, 1, 1, 2, 3, 4, 5, 5, 6, 6, 6, 6, 6, 6, 4, 5, 5, 6, 6, 6, 7, 7, 7, 9, 10, 10, 12, 12, 11, 11, 12, 1, 2, 2, 3, 4, 5, 5, 5, 5, 5, 5, 4, 5, 5, 5, 5, 5, 9, 10, 10, 11, 11, 12, 2, 4, 5, 5, 5, 5, 5, 5, 5, 5, 4, 5, 5, 5, 5, 5, 5, 5, 9, 9, 9, 10, 12, 1, 2, 4, 6, 6, 6, 6, 6, 6, 4, 5, 5, 5, 5, 9, 10, 10, 12, 11, 12, 1, 1, 2, 4, 5, 6, 6, 6, 6, 6, 4, 5, 5, 9, 10, 10, 12, 11, 12]
Y_pred:
[11 12  1  2  1  2  4  5  5  5  5  4  5  5  5  6  5  9 10 12 11 13  4  5  5
  5  4  5  5  5  9  5  5  5  4  5  5 12  1  2  4  4  6  6  6  6  6  4  5  5
  9  9 12  4 12  1  1  1  2  4  5  6  4  5  6  6  6  6  9 10 12 12 11 11  1
  1  2  4  5  5  5  5  5  4  6  6  6  6  6  6  6  6  9 10 11 11 12  1  1  1
  2  3  4  5  4  6  6  6  6  6  6  4  5  5  5  6  6  7  6  6  9 10 10 12 12
 11 11 12  1  1  2  3  4  5  6  5  4  5  5  4  5  5  6  6  5  9 10 10 12 11
 12  1  3  3  1  3 13  4  5  5  6  4  5  6  5  5  5  5  5  9  9  9 11 11  1
  2  4  6  6  6  5  6  5  4  4  5  5  5  9 10 12 12 12 12  1  1  2  4  5  5
  6  6  6  6  4  5  7  9 10 10 12 11 11]
test_Y len is 213Y_pred len is 213
[('5-6', 8), ('7-6', 6), ('5-4', 5), ('6-5', 4), ('4-9', 2), ('2-1', 2), ('11-12', 2), ('5-3', 2), ('1-2', 2), ('12-11', 2), ('5-1', 1), ('10-11', 1), ('12-4', 1), ('5-7', 1), ('4-3', 1), ('1-12', 1), ('5-13', 1), ('10-12', 1), ('5-12', 1), ('5-9', 1)]
**********************step=1**********************
0.788732394366
test_Y:
[11, 12, 1, 1, 1, 2, 4, 5, 5, 5, 5, 4, 5, 5, 5, 5, 5, 9, 10, 12, 11, 13, 4, 5, 5, 5, 4, 5, 5, 5, 4, 5, 5, 5, 4, 5, 5, 5, 1, 2, 4, 5, 5, 6, 6, 6, 6, 4, 5, 5, 4, 5, 1, 12, 12, 1, 1, 1, 1, 4, 5, 5, 4, 5, 6, 6, 7, 7, 9, 10, 12, 12, 11, 11, 1, 1, 2, 4, 5, 5, 5, 5, 5, 4, 6, 6, 6, 6, 6, 6, 7, 7, 9, 10, 11, 11, 12, 1, 1, 1, 2, 3, 4, 5, 5, 6, 6, 6, 6, 6, 6, 4, 5, 5, 6, 6, 6, 7, 7, 7, 9, 10, 10, 12, 12, 11, 11, 12, 1, 2, 2, 3, 4, 5, 5, 5, 5, 5, 5, 4, 5, 5, 5, 5, 5, 9, 10, 10, 11, 11, 12, 2, 4, 5, 5, 5, 5, 5, 5, 5, 5, 4, 5, 5, 5, 5, 5, 5, 5, 9, 9, 9, 10, 12, 1, 2, 4, 6, 6, 6, 6, 6, 6, 4, 5, 5, 5, 5, 9, 10, 10, 12, 11, 12, 1, 1, 2, 4, 5, 6, 6, 6, 6, 6, 4, 5, 5, 9, 10, 10, 12, 11, 12]
Y_pred:
[11 12  1  2  1  2  4  5  5  5  5  4  5  5  5  5  5  9 10 12 11 13  4  5  5
  5  4  5  5  5  4  5 10 10 12  5 12 11  1  2  4  4  5  6  6  6  7  4  5  5
 10  6 12 11 11  1  1  1  1  4  5  6  4  5  6  6  6  7  9 10 12 12 11 11  1
  1  2  4  5  5  5  5  5  4  6  6  6  6  6  6  6  7  9 10 12 11 12  1  1  1
  2  1  4  5  5  6  6  5  6  6  6  4  5  5  5  4  6  7  7  6  9 10 10 12 12
 11 11 12  1  1  2  3  4  5  5  5  6  7  5  5  5  5  5  5  7  9 10 10 11 11
 12  1  3  1  3  3  5  4  5  5  5  4  5  5  5  5  5  5  5  9 10  9  9 11  1
  2  4  6  5  6  5  6  6  4  5  5  5  7  9 10 12 12 11 12  1  1  2  4  5  5
  5  6  6  6  4  5  5 10 10 10 12 13 11]
test_Y len is 213Y_pred len is 213
[('6-5', 6), ('12-11', 4), ('5-6', 3), ('7-6', 3), ('5-7', 3), ('5-4', 2), ('5-3', 2), ('5-10', 2), ('2-1', 2), ('9-10', 2), ('4-12', 1), ('1-12', 1), ('11-12', 1), ('5-12', 1), ('6-7', 1), ('3-1', 1), ('10-12', 1), ('5-11', 1), ('4-3', 1), ('11-13', 1), ('6-4', 1), ('1-2', 1), ('5-1', 1), ('4-10', 1), ('10-9', 1), ('4-5', 1)]
**********************step=1.5**********************
0.744075829384
test_Y:
[1, 1, 1, 2, 4, 5, 5, 5, 5, 4, 5, 5, 5, 5, 5, 9, 10, 12, 11, 13, 4, 5, 5, 5, 4, 5, 5, 5, 4, 5, 5, 5, 4, 5, 5, 5, 1, 2, 4, 5, 5, 6, 6, 6, 6, 4, 5, 5, 4, 5, 1, 12, 12, 1, 1, 1, 1, 4, 5, 5, 4, 5, 6, 6, 7, 7, 9, 10, 12, 12, 11, 11, 1, 1, 2, 4, 5, 5, 5, 5, 5, 4, 6, 6, 6, 6, 6, 6, 7, 7, 9, 10, 11, 11, 12, 1, 1, 1, 2, 3, 4, 5, 5, 6, 6, 6, 6, 6, 6, 4, 5, 5, 6, 6, 6, 7, 7, 7, 9, 10, 10, 12, 12, 11, 11, 12, 1, 2, 2, 3, 4, 5, 5, 5, 5, 5, 5, 4, 5, 5, 5, 5, 5, 9, 10, 10, 11, 11, 12, 2, 4, 5, 5, 5, 5, 5, 5, 5, 5, 4, 5, 5, 5, 5, 5, 5, 5, 9, 9, 9, 10, 12, 1, 2, 4, 6, 6, 6, 6, 6, 6, 4, 5, 5, 5, 5, 9, 10, 10, 12, 11, 12, 1, 1, 2, 4, 5, 6, 6, 6, 6, 6, 4, 5, 5, 9, 10, 10, 12, 11, 12]
Y_pred:
[ 1  1  1  2  4  5  6  5  4  4  5  5  5  5  7  9 10 12 11 13  4  5  5  5  4
  5  5  5  4 10  9 10 11 11 11 11  1  2  4  4  5  6  6  7  6  4  5  5  9  9
 11 11 12  1  1  1  1  4  5  6  4  5  6  5  6  5  9 10 12 12 11 11  1  1  2
  4  5  5  5  5  5  4  6  6  6  6  6  6  7  7  9 10 11 11 11  1  1  1  1  3
  4  5  5  6  6  5  6  6  6  4  5  5  5  6  6  7  7  6  9 10 10 12 12 11 11
 11  1  1  2  3  4  5  5  4  4  6  4  4  5  5  5  5  7  9 10 10 12 11 13  1
  3  2  6  3 13  4  5  6  3  4  5  6  5  5  5  5  7  9 10  9 11 12  1  2  4
  5  6  6  5  6  6  4  5  5  5  5  9 10 12 12 11 12  1  1  2  4  5  5  6  6
  6  7  4  5  5  9 10 10 12 12 11]
test_Y len is 211Y_pred len is 211
[('5-4', 6), ('5-6', 6), ('6-5', 6), ('12-11', 4), ('5-7', 3), ('2-1', 3), ('5-11', 3), ('5-9', 2), ('5-3', 2), ('5-10', 2), ('7-6', 2), ('11-12', 2), ('6-7', 2), ('12-13', 1), ('5-13', 1), ('7-5', 1), ('4-3', 1), ('4-11', 1), ('10-12', 1), ('9-10', 1), ('5-2', 1), ('1-11', 1), ('4-9', 1), ('10-11', 1)]
**********************step=1.5**********************
0.800947867299
test_Y:
[1, 1, 1, 2, 4, 5, 5, 5, 5, 4, 5, 5, 5, 5, 5, 9, 10, 12, 11, 13, 4, 5, 5, 5, 4, 5, 5, 5, 4, 5, 5, 5, 4, 5, 5, 5, 1, 2, 4, 5, 5, 6, 6, 6, 6, 4, 5, 5, 4, 5, 1, 12, 12, 1, 1, 1, 1, 4, 5, 5, 4, 5, 6, 6, 7, 7, 9, 10, 12, 12, 11, 11, 1, 1, 2, 4, 5, 5, 5, 5, 5, 4, 6, 6, 6, 6, 6, 6, 7, 7, 9, 10, 11, 11, 12, 1, 1, 1, 2, 3, 4, 5, 5, 6, 6, 6, 6, 6, 6, 4, 5, 5, 6, 6, 6, 7, 7, 7, 9, 10, 10, 12, 12, 11, 11, 12, 1, 2, 2, 3, 4, 5, 5, 5, 5, 5, 5, 4, 5, 5, 5, 5, 5, 9, 10, 10, 11, 11, 12, 2, 4, 5, 5, 5, 5, 5, 5, 5, 5, 4, 5, 5, 5, 5, 5, 5, 5, 9, 9, 9, 10, 12, 1, 2, 4, 6, 6, 6, 6, 6, 6, 4, 5, 5, 5, 5, 9, 10, 10, 12, 11, 12, 1, 1, 2, 4, 5, 6, 6, 6, 6, 6, 4, 5, 5, 9, 10, 10, 12, 11, 12]
Y_pred:
[ 1  2  1  2  4  5  5  6  5  4  5  5  5  5  5  9 10 12 11 13  4  5  5  5  4
  5  5  5  9  9 10  9  4 12 11 12  1  2  4  4  5  5  6  6  6  4  5  5  9  9
 12 12 12  1  1  1  1  4  5  5  4  5  6  6  6  7  9 10 12 12 11 12  1  1  2
  4  5  5  5  5  5  4  6  6  6  6  6  6  7  7  9 10 12 11 11  1  1  1  2  3
  4  5  5  6  6  6  6  6  6  4  5  5  5  6  6  6  7  7  9 10 10 12 11 11 12
 12  1  1  2  3  4  5  5  5  5  5  5  5  5  5  5  5  5  9  9 10 12 12 12  1
  4  2  1  3 13  4  5  5  6  5  5  5  5  5  5  5  5  9 10  9 12 12  1  2  4
  6  4  6  5  6  6  4  5  5  5  5  9 10 12 12 11 12  1  1  2  4  5  5  6  6
  6  6  4  5  5  9 10 10 12 11 11]
test_Y len is 211Y_pred len is 211
[('11-12', 5), ('6-5', 4), ('5-9', 3), ('12-11', 3), ('2-1', 2), ('7-6', 2), ('5-12', 2), ('4-9', 2), ('5-6', 2), ('4-5', 2), ('5-4', 2), ('10-12', 2), ('5-10', 1), ('1-12', 1), ('10-9', 1), ('5-3', 1), ('5-2', 1), ('6-4', 1), ('1-2', 1), ('5-11', 1), ('5-1', 1), ('9-10', 1), ('5-13', 1)]
**********************step=1.5**********************
0.763033175355
test_Y:
[1, 1, 1, 2, 4, 5, 5, 5, 5, 4, 5, 5, 5, 5, 5, 9, 10, 12, 11, 13, 4, 5, 5, 5, 4, 5, 5, 5, 4, 5, 5, 5, 4, 5, 5, 5, 1, 2, 4, 5, 5, 6, 6, 6, 6, 4, 5, 5, 4, 5, 1, 12, 12, 1, 1, 1, 1, 4, 5, 5, 4, 5, 6, 6, 7, 7, 9, 10, 12, 12, 11, 11, 1, 1, 2, 4, 5, 5, 5, 5, 5, 4, 6, 6, 6, 6, 6, 6, 7, 7, 9, 10, 11, 11, 12, 1, 1, 1, 2, 3, 4, 5, 5, 6, 6, 6, 6, 6, 6, 4, 5, 5, 6, 6, 6, 7, 7, 7, 9, 10, 10, 12, 12, 11, 11, 12, 1, 2, 2, 3, 4, 5, 5, 5, 5, 5, 5, 4, 5, 5, 5, 5, 5, 9, 10, 10, 11, 11, 12, 2, 4, 5, 5, 5, 5, 5, 5, 5, 5, 4, 5, 5, 5, 5, 5, 5, 5, 9, 9, 9, 10, 12, 1, 2, 4, 6, 6, 6, 6, 6, 6, 4, 5, 5, 5, 5, 9, 10, 10, 12, 11, 12, 1, 1, 2, 4, 5, 6, 6, 6, 6, 6, 4, 5, 5, 9, 10, 10, 12, 11, 12]
Y_pred:
[ 1  1  1  3  4  5  5  5  5  4  5  5  5  5  5  9 10 12 11 13  4  5  5  5  4
  5  5  5  4  5  5  5  4  5  5  5  1  2  4  4  5  6  6  6  6  4  5  5  4 10
 11  5 11  1  1  1  4  4  5  6  4  5  6  6  5  4  9 10 12 12 11 12  1  1  2
  4  5  5  5  5  6  4  5  6  6  6  6  6  6  7  4 10 12 11 11  1  1  1  2  3
  4  5  5  6  6  5  6  6  6  4  5  5  6  6  5  7  7  5  9 10 10 12 12 11 11
 12  1  1  2  3  4  5  5  5  5  5  5  5  5  5  6  4  7  4 10 10  9 11 12  1
  3  2  1  3  3  4  5  5  5  5  5  5  6  5  5  5  5 10 10  9 12 11  1  2  4
  6  4  6  5  6  7  4  5  5  5  7  9 10 12 12 11 12  1  2  2  4  5  5  6  6
  6  6  4  5  5 10 10 10 12 12  6]
test_Y len is 211Y_pred len is 211
[('6-5', 5), ('5-6', 4), ('12-11', 3), ('11-12', 3), ('9-10', 3), ('5-4', 3), ('7-5', 2), ('5-7', 2), ('9-4', 2), ('5-3', 2), ('4-5', 2), ('10-12', 2), ('2-1', 2), ('11-9', 1), ('4-3', 1), ('5-2', 1), ('1-4', 1), ('6-4', 1), ('7-4', 1), ('6-7', 1), ('5-1', 1), ('12-6', 1), ('7-6', 1), ('1-2', 1), ('1-11', 1), ('12-5', 1), ('2-3', 1), ('5-10', 1)]
**********************step=1.5**********************
0.791469194313
test_Y:
[1, 1, 1, 2, 4, 5, 5, 5, 5, 4, 5, 5, 5, 5, 5, 9, 10, 12, 11, 13, 4, 5, 5, 5, 4, 5, 5, 5, 4, 5, 5, 5, 4, 5, 5, 5, 1, 2, 4, 5, 5, 6, 6, 6, 6, 4, 5, 5, 4, 5, 1, 12, 12, 1, 1, 1, 1, 4, 5, 5, 4, 5, 6, 6, 7, 7, 9, 10, 12, 12, 11, 11, 1, 1, 2, 4, 5, 5, 5, 5, 5, 4, 6, 6, 6, 6, 6, 6, 7, 7, 9, 10, 11, 11, 12, 1, 1, 1, 2, 3, 4, 5, 5, 6, 6, 6, 6, 6, 6, 4, 5, 5, 6, 6, 6, 7, 7, 7, 9, 10, 10, 12, 12, 11, 11, 12, 1, 2, 2, 3, 4, 5, 5, 5, 5, 5, 5, 4, 5, 5, 5, 5, 5, 9, 10, 10, 11, 11, 12, 2, 4, 5, 5, 5, 5, 5, 5, 5, 5, 4, 5, 5, 5, 5, 5, 5, 5, 9, 9, 9, 10, 12, 1, 2, 4, 6, 6, 6, 6, 6, 6, 4, 5, 5, 5, 5, 9, 10, 10, 12, 11, 12, 1, 1, 2, 4, 5, 6, 6, 6, 6, 6, 4, 5, 5, 9, 10, 10, 12, 11, 12]
Y_pred:
[ 1  1  1  3  4  5  4  5  5  4  5  5  5  6  5  9 10 12 11 13  4  5  5  5  4
  5  5  5  9  5  5  5  4  5  5  5  1  2  4  4  6  6  6  7  6  4  4  5  4  9
  9 11 11  1  1  1  3  4  5  7  4  5  6  6  6  7  9 10 12 12 11 11  1  1  2
  4  5  5  5  5  5  4  6  6  6  6  5  6  7  7  9 10 12 11 12  1  1  1  2  1
  4  5  5  6  6  6  6  6  7  4  5  5  5  6  6  7  7  7  9 10 10 12 12 11 11
 12  1  1  2  3  4  5  6  5  5  5  5  4  5  5  4  5  5  9 10 10 11 11 12  1
  2  1  1  3  2  4  5  5  6  4  5  5  6  5  6  5  5  9 10  9 11 11  1  2  4
  6  6  6  6  6  5  4  5  5  5  5  9 10 12 12 11 12  1  2  2  4  5  5  5  6
  7  6  4  5  5  9 10 12 12 11 11]
test_Y len is 211Y_pred len is 211
[('5-6', 6), ('5-4', 5), ('6-5', 5), ('12-11', 4), ('6-7', 3), ('5-1', 2), ('10-12', 2), ('2-1', 2), ('2-3', 1), ('1-9', 1), ('5-2', 1), ('1-2', 1), ('5-9', 1), ('4-9', 1), ('10-11', 1), ('9-10', 1), ('4-2', 1), ('7-6', 1), ('5-7', 1), ('3-1', 1), ('11-12', 1), ('1-3', 1), ('5-3', 1)]
**********************step=1.5**********************
0.744075829384
test_Y:
[1, 1, 1, 2, 4, 5, 5, 5, 5, 4, 5, 5, 5, 5, 5, 9, 10, 12, 11, 13, 4, 5, 5, 5, 4, 5, 5, 5, 4, 5, 5, 5, 4, 5, 5, 5, 1, 2, 4, 5, 5, 6, 6, 6, 6, 4, 5, 5, 4, 5, 1, 12, 12, 1, 1, 1, 1, 4, 5, 5, 4, 5, 6, 6, 7, 7, 9, 10, 12, 12, 11, 11, 1, 1, 2, 4, 5, 5, 5, 5, 5, 4, 6, 6, 6, 6, 6, 6, 7, 7, 9, 10, 11, 11, 12, 1, 1, 1, 2, 3, 4, 5, 5, 6, 6, 6, 6, 6, 6, 4, 5, 5, 6, 6, 6, 7, 7, 7, 9, 10, 10, 12, 12, 11, 11, 12, 1, 2, 2, 3, 4, 5, 5, 5, 5, 5, 5, 4, 5, 5, 5, 5, 5, 9, 10, 10, 11, 11, 12, 2, 4, 5, 5, 5, 5, 5, 5, 5, 5, 4, 5, 5, 5, 5, 5, 5, 5, 9, 9, 9, 10, 12, 1, 2, 4, 6, 6, 6, 6, 6, 6, 4, 5, 5, 5, 5, 9, 10, 10, 12, 11, 12, 1, 1, 2, 4, 5, 6, 6, 6, 6, 6, 4, 5, 5, 9, 10, 10, 12, 11, 12]
Y_pred:
[ 1  1  1  2  4  5  5  5  5  4  5  5  5  6  5  9 10 12 11 13  5  5  5  5  5
  5  5  5  4  5  5  5  4  5  5  5  1  2  4  5  5  5  6  7  6  4  5  5  9  9
 11 10 11  1  1  1  4  4  5  6  4  5  6  6  5  6  9 10 12 12 11 11  1  1  2
  4  5  4  5  4  5  4  5  6  5  6  4  6  6  6  9 10 12 11 11  1  1  1  2  2
  4  5  5  6  6  5  6  6  7  4  5  5  6  6  6  6  6  6  9 10 10 12 11 11 11
 12  1  1  2  3  4  5  5  6  6  4  4  5  5  5  5  4  7  9 10 10 11 11 12  1
  2  2  1  3 13  4  5  5  6  5  5  5  5  5  5  5  5  9  6  9 11 12  1  2  4
  6  6  6  5  6  6  4  5  5  5  6  9 10 12 12 11 12  1  1  2  4  5  5  6  6
  6  6  4  5  5  9 10 10 12 11 11]
test_Y len is 211Y_pred len is 211
[('5-4', 6), ('7-6', 6), ('6-5', 6), ('5-6', 6), ('4-5', 4), ('12-11', 4), ('2-1', 2), ('6-7', 2), ('10-11', 1), ('5-7', 1), ('5-13', 1), ('12-10', 1), ('11-12', 1), ('3-2', 1), ('9-6', 1), ('6-4', 1), ('5-1', 1), ('5-3', 1), ('5-9', 1), ('4-2', 1), ('4-9', 1), ('7-5', 1), ('10-12', 1), ('1-11', 1), ('1-4', 1), ('5-2', 1)]
**********************step=2**********************
0.824644549763
test_Y:
[1, 1, 1, 2, 4, 5, 5, 5, 5, 4, 5, 5, 5, 5, 5, 9, 10, 12, 11, 13, 4, 5, 5, 5, 4, 5, 5, 5, 4, 5, 5, 5, 4, 5, 5, 5, 1, 2, 4, 5, 5, 6, 6, 6, 6, 4, 5, 5, 4, 5, 1, 12, 12, 1, 1, 1, 1, 4, 5, 5, 4, 5, 6, 6, 7, 7, 9, 10, 12, 12, 11, 11, 1, 1, 2, 4, 5, 5, 5, 5, 5, 4, 6, 6, 6, 6, 6, 6, 7, 7, 9, 10, 11, 11, 12, 1, 1, 1, 2, 3, 4, 5, 5, 6, 6, 6, 6, 6, 6, 4, 5, 5, 6, 6, 6, 7, 7, 7, 9, 10, 10, 12, 12, 11, 11, 12, 1, 2, 2, 3, 4, 5, 5, 5, 5, 5, 5, 4, 5, 5, 5, 5, 5, 9, 10, 10, 11, 11, 12, 2, 4, 5, 5, 5, 5, 5, 5, 5, 5, 4, 5, 5, 5, 5, 5, 5, 5, 9, 9, 9, 10, 12, 1, 2, 4, 6, 6, 6, 6, 6, 6, 4, 5, 5, 5, 5, 9, 10, 10, 12, 11, 12, 1, 1, 2, 4, 5, 6, 6, 6, 6, 6, 4, 5, 5, 9, 10, 10, 12, 11, 12]
Y_pred:
[ 1  1  1  3  4  5  5  5  5  4  5  5  5  5  5  9 10 12 11 13  4  5  5  5  4
  5  5  5  4  5  5  5 11 12 11 11  1  2  4  5  5  6  6  6  6  4  5  5  9  5
 12 11 11  1  1  1  1  4  5  5  4  5  6  6  6  5  9 10 12 12 11 12  1  1  2
  4  5  5  5  5  5  4  6  5  6  6  6  6  6  7  9 10 11 11 11  1  1  2  2  3
  4  5  5  6  6  6  6  6  6  4  5  5  6  6  6  7  7  5  9 10 10 12 12 11 11
 12  1  2  2  3  4  5  6  6  5  5  5  5  5  5  5  5  5  9 10  9 12 11 12  1
  1  1  1  3 13  5  5  5  5  4  5  5  5  5  5  5  7  9 10  9 13 11  1  2  4
  6  6  6  5  6  6  4  5  5  5  5  9 10 12 12 11 12  1  1  2  4  5  5  6  6
  6  6  4  5  5 10 10 10 12 11  6]
test_Y len is 211Y_pred len is 211
[('12-11', 4), ('6-5', 3), ('7-5', 2), ('5-1', 2), ('5-6', 2), ('7-6', 2), ('11-12', 2), ('9-10', 2), ('5-11', 2), ('10-12', 1), ('4-11', 1), ('5-7', 1), ('1-12', 1), ('10-9', 1), ('5-12', 1), ('2-1', 1), ('4-9', 1), ('4-5', 1), ('5-3', 1), ('2-3', 1), ('10-13', 1), ('5-13', 1), ('12-6', 1), ('1-2', 1), ('4-1', 1)]
**********************step=2**********************
0.810426540284
test_Y:
[1, 1, 1, 2, 4, 5, 5, 5, 5, 4, 5, 5, 5, 5, 5, 9, 10, 12, 11, 13, 4, 5, 5, 5, 4, 5, 5, 5, 4, 5, 5, 5, 4, 5, 5, 5, 1, 2, 4, 5, 5, 6, 6, 6, 6, 4, 5, 5, 4, 5, 1, 12, 12, 1, 1, 1, 1, 4, 5, 5, 4, 5, 6, 6, 7, 7, 9, 10, 12, 12, 11, 11, 1, 1, 2, 4, 5, 5, 5, 5, 5, 4, 6, 6, 6, 6, 6, 6, 7, 7, 9, 10, 11, 11, 12, 1, 1, 1, 2, 3, 4, 5, 5, 6, 6, 6, 6, 6, 6, 4, 5, 5, 6, 6, 6, 7, 7, 7, 9, 10, 10, 12, 12, 11, 11, 12, 1, 2, 2, 3, 4, 5, 5, 5, 5, 5, 5, 4, 5, 5, 5, 5, 5, 9, 10, 10, 11, 11, 12, 2, 4, 5, 5, 5, 5, 5, 5, 5, 5, 4, 5, 5, 5, 5, 5, 5, 5, 9, 9, 9, 10, 12, 1, 2, 4, 6, 6, 6, 6, 6, 6, 4, 5, 5, 5, 5, 9, 10, 10, 12, 11, 12, 1, 1, 2, 4, 5, 6, 6, 6, 6, 6, 4, 5, 5, 9, 10, 10, 12, 11, 12]
Y_pred:
[ 1  1  1  2  4  5  5  5  5  4  5  5  5  6  5  9 10 12 11  1  4  5  5  5  4
  5  5  5  4  5  5  5  4  5  5 12  1  1  4  4  5  6  6  6  6  4  5  5  5  5
 11  9 11  1  1  1  1  4  5  6  4  5  6  6  6  6  9 10 12 12 11 11  1  1  2
  4  5  5  5  5  6  4  6  6  6  6  6  6  6  7  9 10 11 11 12  1  1  1  2  1
  4  5  5  6  6  7  6  6  6  4  5  4  6  6  6  7  7  7  9 10 10 12 12 11 11
 12  1  1  2  3  5  5  6  4  5  5  5  5  5  5  5  6  5  9 10 10  9 11 11  1
  3  3  1  3  3  4  5  5  6  4  5  5  5  5  5  5  5  9 10 10 10 12  1  2  4
  6  6  6  5  6  6  4  4  5  5  5  9 10 10 12 11 12  1  1  2  4  5  5  6  6
  6  6  4  5  5  6 10 10 12 11 11]
test_Y len is 211Y_pred len is 211
[('5-6', 6), ('5-4', 5), ('5-3', 3), ('4-5', 3), ('2-1', 3), ('7-6', 3), ('12-11', 3), ('6-5', 2), ('9-10', 2), ('1-11', 1), ('13-1', 1), ('3-1', 1), ('4-3', 1), ('12-9', 1), ('11-9', 1), ('5-12', 1), ('5-1', 1), ('6-7', 1), ('9-6', 1)]
**********************step=2**********************
0.75355450237
test_Y:
[1, 1, 1, 2, 4, 5, 5, 5, 5, 4, 5, 5, 5, 5, 5, 9, 10, 12, 11, 13, 4, 5, 5, 5, 4, 5, 5, 5, 4, 5, 5, 5, 4, 5, 5, 5, 1, 2, 4, 5, 5, 6, 6, 6, 6, 4, 5, 5, 4, 5, 1, 12, 12, 1, 1, 1, 1, 4, 5, 5, 4, 5, 6, 6, 7, 7, 9, 10, 12, 12, 11, 11, 1, 1, 2, 4, 5, 5, 5, 5, 5, 4, 6, 6, 6, 6, 6, 6, 7, 7, 9, 10, 11, 11, 12, 1, 1, 1, 2, 3, 4, 5, 5, 6, 6, 6, 6, 6, 6, 4, 5, 5, 6, 6, 6, 7, 7, 7, 9, 10, 10, 12, 12, 11, 11, 12, 1, 2, 2, 3, 4, 5, 5, 5, 5, 5, 5, 4, 5, 5, 5, 5, 5, 9, 10, 10, 11, 11, 12, 2, 4, 5, 5, 5, 5, 5, 5, 5, 5, 4, 5, 5, 5, 5, 5, 5, 5, 9, 9, 9, 10, 12, 1, 2, 4, 6, 6, 6, 6, 6, 6, 4, 5, 5, 5, 5, 9, 10, 10, 12, 11, 12, 1, 1, 2, 4, 5, 6, 6, 6, 6, 6, 4, 5, 5, 9, 10, 10, 12, 11, 12]
Y_pred:
[ 1  1  1  3  4  5  5  6  5  4  5  5  5  6  5  9 10 12 11 13  4  5  5  5  5
  5  5  5  9  9  5  5  9  9  5  5  1  1  4  4  5  5  6  5  6  4  5  5  9  4
 11  4 11  1  1  1  3  4  5  5  4  5  6  5  6  6  9 10 12 12 11 11  1  1  2
  4  5  5  5  5  5  5  6  6  6  6  6  6  6  7  9 10 12 10 12  1  1  1  2  3
  4  5  5  6  6  6  6  6  5  4  5  5  6  6  6  6  6  7  9 10 10 12 12 11 11
 12  1  1  2  3  4  5  5  5  5  5  5  5  5  5  6  6  6  9 10 10 12 11 12  1
  3  1  3  3  3  4  4  5  5  4  5  5  5  5  5  4  5  9 10  9 11 11  1  2  4
  6  6  6  5  6  6  4  5  5  4  8  9 10 12 12 11 12  1  1  2  4  5  5  6  6
  6  6  4  5  5  9 10 10 12 11 11]
test_Y len is 211Y_pred len is 211
[('5-4', 6), ('6-5', 6), ('5-6', 5), ('7-6', 5), ('2-1', 3), ('12-11', 3), ('4-5', 3), ('4-9', 3), ('5-3', 3), ('5-9', 2), ('11-12', 2), ('10-11', 1), ('1-11', 1), ('5-8', 1), ('5-1', 1), ('10-12', 1), ('1-3', 1), ('2-3', 1), ('9-10', 1), ('12-4', 1), ('11-10', 1), ('4-3', 1)]
**********************step=2**********************
0.763033175355
test_Y:
[1, 1, 1, 2, 4, 5, 5, 5, 5, 4, 5, 5, 5, 5, 5, 9, 10, 12, 11, 13, 4, 5, 5, 5, 4, 5, 5, 5, 4, 5, 5, 5, 4, 5, 5, 5, 1, 2, 4, 5, 5, 6, 6, 6, 6, 4, 5, 5, 4, 5, 1, 12, 12, 1, 1, 1, 1, 4, 5, 5, 4, 5, 6, 6, 7, 7, 9, 10, 12, 12, 11, 11, 1, 1, 2, 4, 5, 5, 5, 5, 5, 4, 6, 6, 6, 6, 6, 6, 7, 7, 9, 10, 11, 11, 12, 1, 1, 1, 2, 3, 4, 5, 5, 6, 6, 6, 6, 6, 6, 4, 5, 5, 6, 6, 6, 7, 7, 7, 9, 10, 10, 12, 12, 11, 11, 12, 1, 2, 2, 3, 4, 5, 5, 5, 5, 5, 5, 4, 5, 5, 5, 5, 5, 9, 10, 10, 11, 11, 12, 2, 4, 5, 5, 5, 5, 5, 5, 5, 5, 4, 5, 5, 5, 5, 5, 5, 5, 9, 9, 9, 10, 12, 1, 2, 4, 6, 6, 6, 6, 6, 6, 4, 5, 5, 5, 5, 9, 10, 10, 12, 11, 12, 1, 1, 2, 4, 5, 6, 6, 6, 6, 6, 4, 5, 5, 9, 10, 10, 12, 11, 12]
Y_pred:
[ 1  1  1  1  4  5  5  5  5  4  5  5  5  6  5  9 10 12 11 13  4  5  5  5  4
  5  5  5  4  5  5  5  4  5  5  5  1  1  4  4  5  6  6  6  6  4  5  5  9  6
 11 11 13  1  1  1  1  4  5  5  4  5  6  6  6  4  9 10 12 11 13 11  1  1  2
  4  5  5  5  4  6  4  5  6  6  6  6  6  7  6 10 10 13 11 11  1  1  1  2  3
  4  5  5  5  6  5  6  6  7  4  5  5  6  6  6  7  6  7  9 10 10 12 11 11 11
 12  1  2  2  3  4  5  5  5  6  5  5  5  5  5  4  4  5  9 10 10 11 11 11  1
  3  1  2  3  3  4  5  5  6  4  5  5  5  6  5  5  7  9  9  9 12 11  1  2  4
  5  6  6  6  6  6  4  5  5  5  8  9  9 12 12 11 12  1  2  2  4  5  5  6  6
  6  7  4  5  5  9 10 10 12 11 11]
test_Y len is 211Y_pred len is 211
[('12-11', 7), ('5-6', 6), ('5-4', 5), ('6-5', 5), ('2-1', 3), ('7-6', 3), ('6-7', 2), ('10-12', 2), ('11-13', 2), ('5-3', 2), ('1-11', 1), ('9-10', 1), ('5-2', 1), ('12-13', 1), ('5-8', 1), ('5-1', 1), ('4-5', 1), ('4-9', 1), ('5-7', 1), ('10-9', 1), ('7-4', 1), ('1-2', 1), ('4-3', 1)]
**********************step=2**********************
0.781990521327
test_Y:
[1, 1, 1, 2, 4, 5, 5, 5, 5, 4, 5, 5, 5, 5, 5, 9, 10, 12, 11, 13, 4, 5, 5, 5, 4, 5, 5, 5, 4, 5, 5, 5, 4, 5, 5, 5, 1, 2, 4, 5, 5, 6, 6, 6, 6, 4, 5, 5, 4, 5, 1, 12, 12, 1, 1, 1, 1, 4, 5, 5, 4, 5, 6, 6, 7, 7, 9, 10, 12, 12, 11, 11, 1, 1, 2, 4, 5, 5, 5, 5, 5, 4, 6, 6, 6, 6, 6, 6, 7, 7, 9, 10, 11, 11, 12, 1, 1, 1, 2, 3, 4, 5, 5, 6, 6, 6, 6, 6, 6, 4, 5, 5, 6, 6, 6, 7, 7, 7, 9, 10, 10, 12, 12, 11, 11, 12, 1, 2, 2, 3, 4, 5, 5, 5, 5, 5, 5, 4, 5, 5, 5, 5, 5, 9, 10, 10, 11, 11, 12, 2, 4, 5, 5, 5, 5, 5, 5, 5, 5, 4, 5, 5, 5, 5, 5, 5, 5, 9, 9, 9, 10, 12, 1, 2, 4, 6, 6, 6, 6, 6, 6, 4, 5, 5, 5, 5, 9, 10, 10, 12, 11, 12, 1, 1, 2, 4, 5, 6, 6, 6, 6, 6, 4, 5, 5, 9, 10, 10, 12, 11, 12]
Y_pred:
[ 1  2  1  1  4  5  5  5  5  4  5  5  5  6  5  9 10 12 11 13  4  5  5  5  4
  5  5  5  4  5  5 10 11  5  5  5  1  2  4  5  6  6  6  6  6  4  5  5  5 10
 11 10 11  1  1  1  1  4  5  5  4  5  6  5  6  6  9 10 12 12 11 11  1  1  2
  4  5  5  5  5  5  4  6  6  5  5  7  6  7  7  9 10 12 11 12  1  1  1  2  3
  4  5  5  6  6  6  6  6  7  4  5  5  6  4  5  7  7  5  9 10 10 12 12 11 11
 12  1  1  2  3  5  5  5  5  5  5  5  4  5  5  5  5  4  9 10 10 12 11 12  1
  2  1  1  3  3  4  5  5  5  4  5  5  5  5  5  5  5  9 10  9 13 11  1  2  4
  5  4  6  5  6  5  4  5  5  5  7  9 10 12 12 11 12  1  1  2  4  5  5  6  6
  6  6  4  5  5  6 10 10 12 13 13]
test_Y len is 211Y_pred len is 211
[('6-5', 8), ('2-1', 3), ('5-4', 2), ('5-1', 2), ('11-12', 2), ('6-7', 2), ('5-6', 2), ('5-3', 2), ('12-11', 2), ('5-10', 2), ('4-5', 2), ('6-4', 2), ('7-6', 2), ('9-6', 1), ('5-7', 1), ('7-5', 1), ('4-2', 1), ('9-10', 1), ('1-11', 1), ('10-13', 1), ('10-12', 1), ('1-2', 1), ('12-10', 1), ('4-11', 1), ('11-13', 1), ('12-13', 1)]
**********************step=2**********************
0.791469194313
test_Y:
[1, 1, 1, 2, 4, 5, 5, 5, 5, 4, 5, 5, 5, 5, 5, 9, 10, 12, 11, 13, 4, 5, 5, 5, 4, 5, 5, 5, 4, 5, 5, 5, 4, 5, 5, 5, 1, 2, 4, 5, 5, 6, 6, 6, 6, 4, 5, 5, 4, 5, 1, 12, 12, 1, 1, 1, 1, 4, 5, 5, 4, 5, 6, 6, 7, 7, 9, 10, 12, 12, 11, 11, 1, 1, 2, 4, 5, 5, 5, 5, 5, 4, 6, 6, 6, 6, 6, 6, 7, 7, 9, 10, 11, 11, 12, 1, 1, 1, 2, 3, 4, 5, 5, 6, 6, 6, 6, 6, 6, 4, 5, 5, 6, 6, 6, 7, 7, 7, 9, 10, 10, 12, 12, 11, 11, 12, 1, 2, 2, 3, 4, 5, 5, 5, 5, 5, 5, 4, 5, 5, 5, 5, 5, 9, 10, 10, 11, 11, 12, 2, 4, 5, 5, 5, 5, 5, 5, 5, 5, 4, 5, 5, 5, 5, 5, 5, 5, 9, 9, 9, 10, 12, 1, 2, 4, 6, 6, 6, 6, 6, 6, 4, 5, 5, 5, 5, 9, 10, 10, 12, 11, 12, 1, 1, 2, 4, 5, 6, 6, 6, 6, 6, 4, 5, 5, 9, 10, 10, 12, 11, 12]
Y_pred:
[ 1  1  1  2  4  5  5  5  5  4  5  5  5  5  5  9 10 12 11  1  4  5  5  5  4
  5  5  5  4  5  5  5 12  5 12  5  1  2  4  5  5  6  5  6  6  4  5  5  9  5
 12  4 11  1  1  1  1  4  5  5  4  5  6  5  6  7  9 10 12 12 11 12  1  1  2
  4  5  5  5  4  5  4  6  6  6  6  6  6  7  7  9 10 12 11 11  1  1  1  2  3
  4  5  5  6  6  6  6  6  7  4  5  5  6  6  6  6  7  7  9 10 10 12 11 11 11
 12  1  1  2  3  4  5  6  6  5  6  6  4  5  6  4  4  5  9 10 10 12 11 12  1
  3  3  3  3 13  4  5  5  6  4  5  5  5  5  5  5  5  9 10  9 13 11  1  2  4
  6  6  6  6  6  6  4  4  5  5  5  9  9 12 12 12 12  1  2  2  4  5  5  5  6
  6  6  4  5  5  9 10 10 12 11 12]
test_Y len is 211Y_pred len is 211
[('5-6', 6), ('5-4', 5), ('12-11', 4), ('6-5', 4), ('11-12', 4), ('5-3', 3), ('7-6', 2), ('2-1', 2), ('9-10', 1), ('6-7', 1), ('13-1', 1), ('4-9', 1), ('1-12', 1), ('10-13', 1), ('5-13', 1), ('10-12', 1), ('4-12', 1), ('10-9', 1), ('4-3', 1), ('5-12', 1), ('1-2', 1), ('12-4', 1)]
**********************step=2**********************
0.800947867299
test_Y:
[1, 1, 1, 2, 4, 5, 5, 5, 5, 4, 5, 5, 5, 5, 5, 9, 10, 12, 11, 13, 4, 5, 5, 5, 4, 5, 5, 5, 4, 5, 5, 5, 4, 5, 5, 5, 1, 2, 4, 5, 5, 6, 6, 6, 6, 4, 5, 5, 4, 5, 1, 12, 12, 1, 1, 1, 1, 4, 5, 5, 4, 5, 6, 6, 7, 7, 9, 10, 12, 12, 11, 11, 1, 1, 2, 4, 5, 5, 5, 5, 5, 4, 6, 6, 6, 6, 6, 6, 7, 7, 9, 10, 11, 11, 12, 1, 1, 1, 2, 3, 4, 5, 5, 6, 6, 6, 6, 6, 6, 4, 5, 5, 6, 6, 6, 7, 7, 7, 9, 10, 10, 12, 12, 11, 11, 12, 1, 2, 2, 3, 4, 5, 5, 5, 5, 5, 5, 4, 5, 5, 5, 5, 5, 9, 10, 10, 11, 11, 12, 2, 4, 5, 5, 5, 5, 5, 5, 5, 5, 4, 5, 5, 5, 5, 5, 5, 5, 9, 9, 9, 10, 12, 1, 2, 4, 6, 6, 6, 6, 6, 6, 4, 5, 5, 5, 5, 9, 10, 10, 12, 11, 12, 1, 1, 2, 4, 5, 6, 6, 6, 6, 6, 4, 5, 5, 9, 10, 10, 12, 11, 12]
Y_pred:
[ 1  2  1  2  5  5  5  6  5  4  5  5  5  6  5  9 10 12 12 13  4  5  5  5  4
  5  5  5  4  5  5  5  4  5  5 11  1  2  4  4  5  6  5  6  6  4  5  5  4  5
  9 12 11  1  1  1  1  4  5  5  4  5  6  5  5  6  9 10 12 12 11 12  1  1  2
  4  5  5  5  6  5  4  6  6  6  6  6  6  6  7  9 10 12 11 12  1  1  1  2  1
  4  5  5  6  6  5  6  6  6  4  5  5  5  6  5  7  7  7  9 10 10 12 11 11 11
 12  1  1  2  3  4  5  5  4  5  6  7  4  5  5  5  5  5  9 10 10 12 11 12  1
  3  3  1  3  2  4  4  5  5  4  5  5  5  5  5  5  5  9 10  9 12 11  1  2  4
  6  6  6  5  6  6  4  5  5  5  5  9 10 12 12 12 12  1  1  2  4  5  5  6  6
  6  6  4  5  5  9 10 10 12 11 12]
test_Y len is 211Y_pred len is 211
[('6-5', 7), ('11-12', 5), ('5-6', 4), ('5-4', 4), ('12-11', 3), ('2-1', 2), ('10-12', 2), ('7-6', 2), ('5-3', 2), ('1-2', 1), ('7-5', 1), ('4-3', 1), ('5-7', 1), ('5-1', 1), ('4-5', 1), ('3-1', 1), ('5-2', 1), ('5-11', 1), ('9-10', 1), ('1-9', 1)]
**********************step=3**********************
0.78672985782
test_Y:
[1, 1, 1, 2, 4, 5, 5, 5, 5, 4, 5, 5, 5, 5, 5, 9, 10, 12, 11, 13, 4, 5, 5, 5, 4, 5, 5, 5, 4, 5, 5, 5, 4, 5, 5, 5, 1, 2, 4, 5, 5, 6, 6, 6, 6, 4, 5, 5, 4, 5, 1, 12, 12, 1, 1, 1, 1, 4, 5, 5, 4, 5, 6, 6, 7, 7, 9, 10, 12, 12, 11, 11, 1, 1, 2, 4, 5, 5, 5, 5, 5, 4, 6, 6, 6, 6, 6, 6, 7, 7, 9, 10, 11, 11, 12, 1, 1, 1, 2, 3, 4, 5, 5, 6, 6, 6, 6, 6, 6, 4, 5, 5, 6, 6, 6, 7, 7, 7, 9, 10, 10, 12, 12, 11, 11, 12, 1, 2, 2, 3, 4, 5, 5, 5, 5, 5, 5, 4, 5, 5, 5, 5, 5, 9, 10, 10, 11, 11, 12, 2, 4, 5, 5, 5, 5, 5, 5, 5, 5, 4, 5, 5, 5, 5, 5, 5, 5, 9, 9, 9, 10, 12, 1, 2, 4, 6, 6, 6, 6, 6, 6, 4, 5, 5, 5, 5, 9, 10, 10, 12, 11, 12, 1, 1, 2, 4, 5, 6, 6, 6, 6, 6, 4, 5, 5, 9, 10, 10, 12, 11, 12]
Y_pred:
[ 1  1  1  3  4  5  7  5  5  4  5  5  5  4  5  9 10 12 11 13  4  5  5  5  4
  5  5  5 10  5  5  5 10  5  5 12  1  1  4  5  5  6  6  6  6  4  5  5  4  1
  9 11 11  1  1  1  1  4  5  5  4  5  6  6  5  7  9 10 12 12 11 11  1  1  2
  4  5  5  5  4  6  4  6  6  6  6  6  6  5  7  9 10 11 11 12  1  1  1  2  2
  4  5  5  6  6 13  6  6  6  4  5  5  6  7  6  7  5  5  9 10 10 12 11 11 11
 12  1  1  2  3  5  5  6  5  5  4  4  4  5  5  5  4  4  9 10 11 11 11 12  1
  1  1  1  1  3  4  5  5  5  4  5  6  4  5  5  5  5  9  9  9 13 12  1  2  4
  6  5  6  6  6  6  4  5  5  5  5  9 10 12 12 12 12  1  1  1  4  5  5  6  6
  6  6  4  5  6  9 10 10 12 11 12]
test_Y len is 211Y_pred len is 211
[('5-4', 8), ('5-6', 4), ('2-1', 4), ('5-1', 4), ('7-5', 4), ('12-11', 3), ('4-10', 2), ('6-5', 2), ('5-3', 1), ('11-12', 1), ('10-11', 1), ('5-7', 1), ('2-3', 1), ('4-1', 1), ('6-7', 1), ('3-2', 1), ('4-5', 1), ('6-13', 1), ('5-12', 1), ('10-13', 1), ('1-9', 1), ('10-12', 1)]
**********************step=3**********************
0.739336492891
test_Y:
[1, 1, 1, 2, 4, 5, 5, 5, 5, 4, 5, 5, 5, 5, 5, 9, 10, 12, 11, 13, 4, 5, 5, 5, 4, 5, 5, 5, 4, 5, 5, 5, 4, 5, 5, 5, 1, 2, 4, 5, 5, 6, 6, 6, 6, 4, 5, 5, 4, 5, 1, 12, 12, 1, 1, 1, 1, 4, 5, 5, 4, 5, 6, 6, 7, 7, 9, 10, 12, 12, 11, 11, 1, 1, 2, 4, 5, 5, 5, 5, 5, 4, 6, 6, 6, 6, 6, 6, 7, 7, 9, 10, 11, 11, 12, 1, 1, 1, 2, 3, 4, 5, 5, 6, 6, 6, 6, 6, 6, 4, 5, 5, 6, 6, 6, 7, 7, 7, 9, 10, 10, 12, 12, 11, 11, 12, 1, 2, 2, 3, 4, 5, 5, 5, 5, 5, 5, 4, 5, 5, 5, 5, 5, 9, 10, 10, 11, 11, 12, 2, 4, 5, 5, 5, 5, 5, 5, 5, 5, 4, 5, 5, 5, 5, 5, 5, 5, 9, 9, 9, 10, 12, 1, 2, 4, 6, 6, 6, 6, 6, 6, 4, 5, 5, 5, 5, 9, 10, 10, 12, 11, 12, 1, 1, 2, 4, 5, 6, 6, 6, 6, 6, 4, 5, 5, 9, 10, 10, 12, 11, 12]
Y_pred:
[ 1  1  1  2  4  5  5  5  5  4  5  5  5  6  5  9 10 12 11 13  4  5  5  5  4
  5  5  5  4  5 10 10 12 12 11 12  1  2  4  5  5  5  6  6  6  4  5  5  9  5
 11  4 11  1  1  1  1  4  5  5  4  5  6  6  6  6  9 10 12 12 11 11  1  1  1
  4  5  5  5  4  6  4  6  6  6  6  6  6  6  7  9 10 12 11 11  1  1  1  1  1
  4  5  5  6  6  6  6  6  6  4  5  5  5  6  6  6  7  5  9 10 10 12 12 11 11
 12  1  1  2  3  5  5  6  6  5  4  5  5  5  5  6  6  6  9 10 10 11 11 11  1
  3  6  5  3  5  4  5  5  5  4  5  5  5  6  5  5  7  9 10 10 11  5  1  2  4
  6  5  6  6  6  6  4  5  5  6  8  9 10 12 12 11 12  1  3  2  4  5  5  5  6
  6  6  4  5  5 11 10 10 12 11 11]
test_Y len is 211Y_pred len is 211
[('5-6', 10), ('6-5', 5), ('12-11', 4), ('2-1', 4), ('7-6', 4), ('5-4', 3), ('5-10', 2), ('4-5', 2), ('9-10', 2), ('5-12', 2), ('12-5', 1), ('4-3', 1), ('3-1', 1), ('5-11', 1), ('4-9', 1), ('10-12', 1), ('12-4', 1), ('1-11', 1), ('11-12', 1), ('5-8', 1), ('4-12', 1), ('7-5', 1), ('10-11', 1), ('9-11', 1), ('5-7', 1), ('5-3', 1), ('1-3', 1)]
**********************step=3**********************
0.715639810427
test_Y:
[1, 1, 1, 2, 4, 5, 5, 5, 5, 4, 5, 5, 5, 5, 5, 9, 10, 12, 11, 13, 4, 5, 5, 5, 4, 5, 5, 5, 4, 5, 5, 5, 4, 5, 5, 5, 1, 2, 4, 5, 5, 6, 6, 6, 6, 4, 5, 5, 4, 5, 1, 12, 12, 1, 1, 1, 1, 4, 5, 5, 4, 5, 6, 6, 7, 7, 9, 10, 12, 12, 11, 11, 1, 1, 2, 4, 5, 5, 5, 5, 5, 4, 6, 6, 6, 6, 6, 6, 7, 7, 9, 10, 11, 11, 12, 1, 1, 1, 2, 3, 4, 5, 5, 6, 6, 6, 6, 6, 6, 4, 5, 5, 6, 6, 6, 7, 7, 7, 9, 10, 10, 12, 12, 11, 11, 12, 1, 2, 2, 3, 4, 5, 5, 5, 5, 5, 5, 4, 5, 5, 5, 5, 5, 9, 10, 10, 11, 11, 12, 2, 4, 5, 5, 5, 5, 5, 5, 5, 5, 4, 5, 5, 5, 5, 5, 5, 5, 9, 9, 9, 10, 12, 1, 2, 4, 6, 6, 6, 6, 6, 6, 4, 5, 5, 5, 5, 9, 10, 10, 12, 11, 12, 1, 1, 2, 4, 5, 6, 6, 6, 6, 6, 4, 5, 5, 9, 10, 10, 12, 11, 12]
Y_pred:
[ 1  2  1  3  4  5  6  5  5  4  5  5  5  6  5  9 10 12 11 13  4  5  5  5  5
  5  5  5  9 10 10 10  9 12 11 12  1  3  4  5  6  5  6  5  6  4  5  5  9  5
 11 11 11  1  1  1  4  4  5  5  4  5  6  5  6  6  9 10 12 12 11 11  1  1  2
  4  5  5  5  4  6  4  6  6  6  6  6  6  5  7  9 10 11 11 12  1  1  2  2  1
  4  5  5  6  6  5  6  6  7  4  5  5  5  4  5  6  5  6  9 10 10 12 11 11 11
 12  1  1  2  3  4  5  5  6  5  4  5  4  5  6  5  5  5  9  9  9 12 11 12  2
  3  1  1  3 13  4  5  5  5  4  5  5  5  5  5  5  5  9  9  9 11 11  1  2  4
  5  6  6  5  6  6  4  4  5  5  5  9 10 12 12 11 12  1  1  2  4  5  5  6  6
  6  7  4  5  5  9 10 10 12 11 12]
test_Y len is 211Y_pred len is 211
[('6-5', 9), ('5-6', 6), ('7-6', 4), ('5-4', 4), ('12-11', 4), ('5-10', 3), ('4-9', 3), ('2-3', 2), ('5-12', 2), ('10-9', 2), ('5-1', 2), ('7-5', 2), ('6-7', 2), ('1-2', 2), ('11-12', 1), ('10-12', 1), ('3-1', 1), ('1-4', 1), ('6-4', 1), ('5-13', 1), ('4-3', 1), ('2-1', 1), ('4-5', 1), ('5-3', 1), ('5-11', 1), ('1-11', 1), ('10-11', 1)]
**********************step=3**********************
0.781990521327
test_Y:
[1, 1, 1, 2, 4, 5, 5, 5, 5, 4, 5, 5, 5, 5, 5, 9, 10, 12, 11, 13, 4, 5, 5, 5, 4, 5, 5, 5, 4, 5, 5, 5, 4, 5, 5, 5, 1, 2, 4, 5, 5, 6, 6, 6, 6, 4, 5, 5, 4, 5, 1, 12, 12, 1, 1, 1, 1, 4, 5, 5, 4, 5, 6, 6, 7, 7, 9, 10, 12, 12, 11, 11, 1, 1, 2, 4, 5, 5, 5, 5, 5, 4, 6, 6, 6, 6, 6, 6, 7, 7, 9, 10, 11, 11, 12, 1, 1, 1, 2, 3, 4, 5, 5, 6, 6, 6, 6, 6, 6, 4, 5, 5, 6, 6, 6, 7, 7, 7, 9, 10, 10, 12, 12, 11, 11, 12, 1, 2, 2, 3, 4, 5, 5, 5, 5, 5, 5, 4, 5, 5, 5, 5, 5, 9, 10, 10, 11, 11, 12, 2, 4, 5, 5, 5, 5, 5, 5, 5, 5, 4, 5, 5, 5, 5, 5, 5, 5, 9, 9, 9, 10, 12, 1, 2, 4, 6, 6, 6, 6, 6, 6, 4, 5, 5, 5, 5, 9, 10, 10, 12, 11, 12, 1, 1, 2, 4, 5, 6, 6, 6, 6, 6, 4, 5, 5, 9, 10, 10, 12, 11, 12]
Y_pred:
[ 1  1  1  3  4  5  5  5  7  4  5  5  5  6  5  9 10 12 11 13  4  5  5  5  4
  5  5  5  4  5  5  5  4  5  5 11  1  1  4  5  4  5  6  6  6  4  5  5  5  4
 11 12 11  1  1  1  1  4  5  5  4  5  6  6  5  5  9 10 12 12 11 11  1  1  2
  4  5  5  5  4  5  4  6  6  6  6  6  6  6  6  9 10 11 11 12  1  1  1  2  1
  4  5  4  6  6  5  6  6  7  4  5  5  6  4  6  7  7  4  9 10 10 12 11 11 11
 12  1  1  2  3  4  5  5  6  5  4  5  4  5  5  5  5  4  9 10  9  9 11 11  1
  3  1  5  3  5  4  5  4  6  5  5  5  5  5  5  5  4  9  9  9 11 12  1  2  4
  6  6  6  5  6  6  4  4  5  5  5  9 10 12 12 12 12  1  1  2  4  5  5  6  6
  6  6  4  5  5  9 10 10 12 11 13]
test_Y len is 211Y_pred len is 211
[('5-4', 10), ('6-5', 4), ('12-11', 3), ('2-1', 3), ('5-6', 3), ('4-5', 2), ('7-6', 2), ('7-5', 2), ('1-11', 1), ('3-1', 1), ('6-4', 1), ('4-3', 1), ('6-7', 1), ('5-11', 1), ('10-9', 1), ('5-1', 1), ('2-3', 1), ('11-12', 1), ('5-7', 1), ('12-13', 1), ('5-3', 1), ('11-9', 1), ('7-4', 1), ('10-12', 1), ('10-11', 1)]
**********************step=3**********************
0.796208530806
test_Y:
[1, 1, 1, 2, 4, 5, 5, 5, 5, 4, 5, 5, 5, 5, 5, 9, 10, 12, 11, 13, 4, 5, 5, 5, 4, 5, 5, 5, 4, 5, 5, 5, 4, 5, 5, 5, 1, 2, 4, 5, 5, 6, 6, 6, 6, 4, 5, 5, 4, 5, 1, 12, 12, 1, 1, 1, 1, 4, 5, 5, 4, 5, 6, 6, 7, 7, 9, 10, 12, 12, 11, 11, 1, 1, 2, 4, 5, 5, 5, 5, 5, 4, 6, 6, 6, 6, 6, 6, 7, 7, 9, 10, 11, 11, 12, 1, 1, 1, 2, 3, 4, 5, 5, 6, 6, 6, 6, 6, 6, 4, 5, 5, 6, 6, 6, 7, 7, 7, 9, 10, 10, 12, 12, 11, 11, 12, 1, 2, 2, 3, 4, 5, 5, 5, 5, 5, 5, 4, 5, 5, 5, 5, 5, 9, 10, 10, 11, 11, 12, 2, 4, 5, 5, 5, 5, 5, 5, 5, 5, 4, 5, 5, 5, 5, 5, 5, 5, 9, 9, 9, 10, 12, 1, 2, 4, 6, 6, 6, 6, 6, 6, 4, 5, 5, 5, 5, 9, 10, 10, 12, 11, 12, 1, 1, 2, 4, 5, 6, 6, 6, 6, 6, 4, 5, 5, 9, 10, 10, 12, 11, 12]
Y_pred:
[ 1  2  1  2  4  5  5  5  5  4  5  5  5  6  5  9 10 12 11 13  4  5  5  5  4
  5  5  5  4  5  5  5  4  5  5  5  1  1  4  5  5  6  6  6  6  4  5  5  9  6
  9  9 13  1  1  1  2  4  5  6  4  5  6  6  6  6  9 10 12 12 11 11  1  1  2
  4  5  5  5  6  5  4  6  6  6  6  6  6  6  7  9 10 12 11 12  1  1  1  2  1
  4  5  5  6  6  6  6  6  6  4  5  5  6  6  6  7  5  7  9 10 10 12 12 11 11
 12  1  1  4  3  4  5  6  6  5  5  4  4  5  6  5  6  6  9 10 10  9 11 12  1
  4  6  2  3  5  5  5  5  6  4  5  6  5  6  5  5  5  9 10  9 13 13  1  2  4
  5  4  6  7  6  5  4  5  5  5  5  9 10 10 12 11 12  1  1  2  4  5  5  6  5
  6  6  4  5  5  9 10 10 12 11 11]
test_Y len is 211Y_pred len is 211
[('5-6', 13), ('6-5', 4), ('7-6', 3), ('2-1', 3), ('1-2', 2), ('12-13', 2), ('11-12', 1), ('11-9', 1), ('5-2', 1), ('6-7', 1), ('5-4', 1), ('5-3', 1), ('9-10', 1), ('7-5', 1), ('12-11', 1), ('6-4', 1), ('3-1', 1), ('10-13', 1), ('4-9', 1), ('12-9', 1), ('1-9', 1), ('2-4', 1)]
**********************step=3**********************
0.75355450237
test_Y:
[1, 1, 1, 2, 4, 5, 5, 5, 5, 4, 5, 5, 5, 5, 5, 9, 10, 12, 11, 13, 4, 5, 5, 5, 4, 5, 5, 5, 4, 5, 5, 5, 4, 5, 5, 5, 1, 2, 4, 5, 5, 6, 6, 6, 6, 4, 5, 5, 4, 5, 1, 12, 12, 1, 1, 1, 1, 4, 5, 5, 4, 5, 6, 6, 7, 7, 9, 10, 12, 12, 11, 11, 1, 1, 2, 4, 5, 5, 5, 5, 5, 4, 6, 6, 6, 6, 6, 6, 7, 7, 9, 10, 11, 11, 12, 1, 1, 1, 2, 3, 4, 5, 5, 6, 6, 6, 6, 6, 6, 4, 5, 5, 6, 6, 6, 7, 7, 7, 9, 10, 10, 12, 12, 11, 11, 12, 1, 2, 2, 3, 4, 5, 5, 5, 5, 5, 5, 4, 5, 5, 5, 5, 5, 9, 10, 10, 11, 11, 12, 2, 4, 5, 5, 5, 5, 5, 5, 5, 5, 4, 5, 5, 5, 5, 5, 5, 5, 9, 9, 9, 10, 12, 1, 2, 4, 6, 6, 6, 6, 6, 6, 4, 5, 5, 5, 5, 9, 10, 10, 12, 11, 12, 1, 1, 2, 4, 5, 6, 6, 6, 6, 6, 4, 5, 5, 9, 10, 10, 12, 11, 12]
Y_pred:
[ 1  1  1  2  4  5  5  5  5  4  5  5  5  6  5  9 10 12 11 13  4  5  5  5  4
  5  5  5  9 10  5 10  9 11  5 12  1  2  4  4  5  5  6  6  6  4  5  5  9  5
  9 11 11  1  1  1  1  4  5  5  4  5  6  6  6  5  9 10 12 12 11 11  1  1  2
  4  5  5  5  5  5  4  6  6  6  6  6  6  7  6  9 10 12 11 12  1  1  1  2  3
  4  5  5  6  6  6  6  6  7  4  5  5  5  7  6  7  7  8  9  9 10 12 11 11 12
 12  1  1  2  3  4  5  5  6  5  4  5  4  5  5  5  7  6  9  9 12 12 11 11  1
  1  3  3  3 13  4  4  5  6  4  5  5  5  5  5  5  7  9  9  9 11 11  1  2  4
  6  7  6  5  6  5  4  5  5  5  5  9 10 12 12 11 12  1  1  2  4  5  5  6  6
  6  7  4  5  5  9 10 10 12 13 12]
test_Y len is 211Y_pred len is 211
[('12-11', 5), ('6-5', 5), ('5-6', 4), ('6-7', 4), ('5-4', 4), ('11-12', 3), ('5-3', 3), ('4-9', 3), ('7-6', 2), ('2-1', 2), ('10-12', 2), ('5-7', 2), ('10-9', 2), ('5-10', 2), ('4-1', 1), ('11-13', 1), ('5-13', 1), ('7-5', 1), ('5-12', 1), ('1-9', 1), ('5-11', 1), ('7-8', 1), ('10-11', 1)]
**********************step=3**********************
0.791469194313
test_Y:
[1, 1, 1, 2, 4, 5, 5, 5, 5, 4, 5, 5, 5, 5, 5, 9, 10, 12, 11, 13, 4, 5, 5, 5, 4, 5, 5, 5, 4, 5, 5, 5, 4, 5, 5, 5, 1, 2, 4, 5, 5, 6, 6, 6, 6, 4, 5, 5, 4, 5, 1, 12, 12, 1, 1, 1, 1, 4, 5, 5, 4, 5, 6, 6, 7, 7, 9, 10, 12, 12, 11, 11, 1, 1, 2, 4, 5, 5, 5, 5, 5, 4, 6, 6, 6, 6, 6, 6, 7, 7, 9, 10, 11, 11, 12, 1, 1, 1, 2, 3, 4, 5, 5, 6, 6, 6, 6, 6, 6, 4, 5, 5, 6, 6, 6, 7, 7, 7, 9, 10, 10, 12, 12, 11, 11, 12, 1, 2, 2, 3, 4, 5, 5, 5, 5, 5, 5, 4, 5, 5, 5, 5, 5, 9, 10, 10, 11, 11, 12, 2, 4, 5, 5, 5, 5, 5, 5, 5, 5, 4, 5, 5, 5, 5, 5, 5, 5, 9, 9, 9, 10, 12, 1, 2, 4, 6, 6, 6, 6, 6, 6, 4, 5, 5, 5, 5, 9, 10, 10, 12, 11, 12, 1, 1, 2, 4, 5, 6, 6, 6, 6, 6, 4, 5, 5, 9, 10, 10, 12, 11, 12]
Y_pred:
[ 1  2  1  2  4  5  5  5  5  4  5  5  5  6  5  9 10 12 11 13  4  5  5  5  4
  5  5  5  4  5  5  5 11 12  5 12  1  2  4  5  5  6  6  6  6  4  5  5  9  5
 11  9 11  1  1  1  2  4  5  5  4  5  6  5  6  5  9 10 12 12 11 11  1  1  2
  4  5  5  5  5  6  5  6  6  6  6  6  6  6  7  9 10 12 11 12  1  1  1  2  1
  4  5  5  5  6  5  6  6  6  4  5  5  6  6  6  7  6  7  9 10 10 12 11 11 11
 12  1  1  2  3  4  5  5  6  5  5  4  4  5  5  5  5  5  9  9  9 11 11 12  1
  1  1  1  3  3  4  5  5  6  4  5  5  5  5  5  5  5  9 10  9 11 11  1  2  4
  6  5  6  6  6  6  4  5  5  5  8  9 10 12 12 12 12  1  1  2  4  5  6  6  6
  6  6  4  5  7  9 10 10 12 11 11]
test_Y len is 211Y_pred len is 211
[('5-6', 4), ('12-11', 4), ('6-5', 4), ('7-6', 3), ('5-12', 2), ('10-9', 2), ('1-2', 2), ('5-1', 2), ('2-1', 2), ('11-12', 2), ('5-4', 2), ('5-3', 2), ('4-11', 1), ('4-1', 1), ('9-10', 1), ('10-12', 1), ('12-9', 1), ('5-7', 1), ('4-5', 1), ('5-8', 1), ('3-1', 1), ('7-5', 1), ('1-11', 1), ('4-9', 1), ('10-11', 1)]
**********************step=3**********************
0.78672985782
test_Y:
[1, 1, 1, 2, 4, 5, 5, 5, 5, 4, 5, 5, 5, 5, 5, 9, 10, 12, 11, 13, 4, 5, 5, 5, 4, 5, 5, 5, 4, 5, 5, 5, 4, 5, 5, 5, 1, 2, 4, 5, 5, 6, 6, 6, 6, 4, 5, 5, 4, 5, 1, 12, 12, 1, 1, 1, 1, 4, 5, 5, 4, 5, 6, 6, 7, 7, 9, 10, 12, 12, 11, 11, 1, 1, 2, 4, 5, 5, 5, 5, 5, 4, 6, 6, 6, 6, 6, 6, 7, 7, 9, 10, 11, 11, 12, 1, 1, 1, 2, 3, 4, 5, 5, 6, 6, 6, 6, 6, 6, 4, 5, 5, 6, 6, 6, 7, 7, 7, 9, 10, 10, 12, 12, 11, 11, 12, 1, 2, 2, 3, 4, 5, 5, 5, 5, 5, 5, 4, 5, 5, 5, 5, 5, 9, 10, 10, 11, 11, 12, 2, 4, 5, 5, 5, 5, 5, 5, 5, 5, 4, 5, 5, 5, 5, 5, 5, 5, 9, 9, 9, 10, 12, 1, 2, 4, 6, 6, 6, 6, 6, 6, 4, 5, 5, 5, 5, 9, 10, 10, 12, 11, 12, 1, 1, 2, 4, 5, 6, 6, 6, 6, 6, 4, 5, 5, 9, 10, 10, 12, 11, 12]
Y_pred:
[ 1  1  1  2  4  5  5  5  5  4  5  5  5  5  5  9 10 12 11 13  4  5  5  5  4
  5  5  5  4  5  5  5  9  5  5  5  1  1  4  5  5  6  6  6  6  4  5  5  9  5
  9  4 11  1  1  1  1  4  5  6  4  5  6  6  6  6  9 10 12 12 11 12  1  1  2
  4  5  5  5  4  6  4  5  6  5  5  6  6  6  5  9 10 12 11 12  1  1  1  1  3
  4  5  5  6  6  5  6  6  7  4  5  5  6  6  6  7  7  5  9 10 10 12 13 11 11
 12  1  1  2  3  5  5  5  5  5  5  4  5  5  5  6  5  6  9  9 10 11 11 12  1
  4  2  5  3  2  4  5  5  3  4  5  5  5  6  5  5  5  5  9  9 10 12  1  2  4
  6  5  6  5  6  6  4  5  5  5  8  9 10 10 12 11 12  1  1  2  4  5  5  5  6
  6  6  4  5  5  4 10 10 12 11 13]
test_Y len is 211Y_pred len is 211
[('6-5', 8), ('5-6', 5), ('2-1', 4), ('5-4', 3), ('7-6', 3), ('5-3', 2), ('11-12', 2), ('7-5', 2), ('12-13', 2), ('4-5', 2), ('4-9', 2), ('5-2', 2), ('12-11', 1), ('1-9', 1), ('10-9', 1), ('9-4', 1), ('9-5', 1), ('6-7', 1), ('5-8', 1), ('12-4', 1)]
**********************step=3**********************
0.815165876777
test_Y:
[1, 1, 1, 2, 4, 5, 5, 5, 5, 4, 5, 5, 5, 5, 5, 9, 10, 12, 11, 13, 4, 5, 5, 5, 4, 5, 5, 5, 4, 5, 5, 5, 4, 5, 5, 5, 1, 2, 4, 5, 5, 6, 6, 6, 6, 4, 5, 5, 4, 5, 1, 12, 12, 1, 1, 1, 1, 4, 5, 5, 4, 5, 6, 6, 7, 7, 9, 10, 12, 12, 11, 11, 1, 1, 2, 4, 5, 5, 5, 5, 5, 4, 6, 6, 6, 6, 6, 6, 7, 7, 9, 10, 11, 11, 12, 1, 1, 1, 2, 3, 4, 5, 5, 6, 6, 6, 6, 6, 6, 4, 5, 5, 6, 6, 6, 7, 7, 7, 9, 10, 10, 12, 12, 11, 11, 12, 1, 2, 2, 3, 4, 5, 5, 5, 5, 5, 5, 4, 5, 5, 5, 5, 5, 9, 10, 10, 11, 11, 12, 2, 4, 5, 5, 5, 5, 5, 5, 5, 5, 4, 5, 5, 5, 5, 5, 5, 5, 9, 9, 9, 10, 12, 1, 2, 4, 6, 6, 6, 6, 6, 6, 4, 5, 5, 5, 5, 9, 10, 10, 12, 11, 12, 1, 1, 2, 4, 5, 6, 6, 6, 6, 6, 4, 5, 5, 9, 10, 10, 12, 11, 12]
Y_pred:
[ 1  2  1  2  4  5  5  5  5  4  5  5  5  5  5  9 10 12 11 13  4  5  5  5  4
  5  5  5  9  5  5  5  6  5  5  5  1  1  4  5  5  6  6  6  6  4  5  5  5 11
 11 11 12  1  1  1  1  4  5  6  4  5  6  6  6  7  9 10 12 12 11 12  1  1  2
  4  5  5  5  6  6  4  6  6  6  6  6  6  7  6  9 10 12 11 12  1  1  1  2  1
  4  5  5  6  6  7  6  6  6  4  5  5  5  6  6  6  7  6  9 10 10 12 12 11 11
 12  1  1  2  3  4  4  5  6  5  5  5  4  5  5  5  5  6  9  9 10 11 11 12  1
  4  1  1  3  2  4  5  5  4  4  5  5  5  5  5  7  6  9 10  9 11 12  1  2  4
  6  6  6  6  6  6  4  5  5  5  5  9 10 12 12 11 12  1  1  2  4  5  5  6  6
  6  6  4  5  5  9 10 10 12 11 11]
test_Y len is 211Y_pred len is 211
[('5-6', 6), ('7-6', 4), ('2-1', 3), ('5-4', 3), ('11-12', 2), ('6-5', 2), ('12-11', 2), ('5-1', 2), ('5-3', 1), ('1-11', 1), ('10-12', 1), ('5-11', 1), ('4-5', 1), ('5-7', 1), ('3-1', 1), ('6-7', 1), ('5-2', 1), ('10-9', 1), ('4-9', 1), ('10-11', 1), ('4-6', 1), ('1-2', 1), ('9-10', 1)]
**********************step=3**********************
0.720379146919
test_Y:
[1, 1, 1, 2, 4, 5, 5, 5, 5, 4, 5, 5, 5, 5, 5, 9, 10, 12, 11, 13, 4, 5, 5, 5, 4, 5, 5, 5, 4, 5, 5, 5, 4, 5, 5, 5, 1, 2, 4, 5, 5, 6, 6, 6, 6, 4, 5, 5, 4, 5, 1, 12, 12, 1, 1, 1, 1, 4, 5, 5, 4, 5, 6, 6, 7, 7, 9, 10, 12, 12, 11, 11, 1, 1, 2, 4, 5, 5, 5, 5, 5, 4, 6, 6, 6, 6, 6, 6, 7, 7, 9, 10, 11, 11, 12, 1, 1, 1, 2, 3, 4, 5, 5, 6, 6, 6, 6, 6, 6, 4, 5, 5, 6, 6, 6, 7, 7, 7, 9, 10, 10, 12, 12, 11, 11, 12, 1, 2, 2, 3, 4, 5, 5, 5, 5, 5, 5, 4, 5, 5, 5, 5, 5, 9, 10, 10, 11, 11, 12, 2, 4, 5, 5, 5, 5, 5, 5, 5, 5, 4, 5, 5, 5, 5, 5, 5, 5, 9, 9, 9, 10, 12, 1, 2, 4, 6, 6, 6, 6, 6, 6, 4, 5, 5, 5, 5, 9, 10, 10, 12, 11, 12, 1, 1, 2, 4, 5, 6, 6, 6, 6, 6, 4, 5, 5, 9, 10, 10, 12, 11, 12]
Y_pred:
[ 1  1  1  1  4  5  5  5  5  4  5  5  5  6  5  9 10 12 11 13  4  5  5  5  4
  5  5  5  6  5  5  5 12 12 11 11  1  1  4  4  5  5  6  7  6  4  5  5  9  5
 11 11 11  1  1  1  1  4  5  6  4  5  6  6  6  7  9 10 12 12 11 11  1  1  1
  4  5  5  5  4  5  4  6  6  6  6  6  6  6  6  9 10 12 11 11  1  1  1  2  1
  4  5  5  6  6  5  6  6  6  4  5  5  5  6  6  6  7  7  9 10 10 12 12 11 11
 11  1  1  2  3  6  4  5  6  5  4  5  4  5  5  5  4  7 10  9 10 11 11 11  2
  1  1  1  3  2  4  5  5  6  4  5  5  5  5  6  4  7  9 10 12 11 11  1  2  4
  6  5  6  6  6  6  4  5  5  5  5  9  9 12 12 12 12  1  1  2  4  5  5  6  6
  6  6  4  5  5 10 10 10 12 11 13]
test_Y len is 211Y_pred len is 211
[('5-4', 7), ('12-11', 6), ('5-6', 5), ('6-5', 5), ('7-6', 4), ('2-1', 4), ('9-10', 3), ('5-11', 2), ('11-12', 2), ('5-1', 2), ('5-7', 2), ('10-9', 2), ('4-6', 2), ('10-11', 1), ('5-2', 1), ('12-13', 1), ('5-3', 1), ('10-12', 1), ('4-1', 1), ('9-12', 1), ('4-12', 1), ('6-7', 1), ('1-11', 1), ('3-1', 1), ('5-12', 1), ('4-9', 1)]
**********************step=3**********************
0.791469194313
test_Y:
[1, 1, 1, 2, 4, 5, 5, 5, 5, 4, 5, 5, 5, 5, 5, 9, 10, 12, 11, 13, 4, 5, 5, 5, 4, 5, 5, 5, 4, 5, 5, 5, 4, 5, 5, 5, 1, 2, 4, 5, 5, 6, 6, 6, 6, 4, 5, 5, 4, 5, 1, 12, 12, 1, 1, 1, 1, 4, 5, 5, 4, 5, 6, 6, 7, 7, 9, 10, 12, 12, 11, 11, 1, 1, 2, 4, 5, 5, 5, 5, 5, 4, 6, 6, 6, 6, 6, 6, 7, 7, 9, 10, 11, 11, 12, 1, 1, 1, 2, 3, 4, 5, 5, 6, 6, 6, 6, 6, 6, 4, 5, 5, 6, 6, 6, 7, 7, 7, 9, 10, 10, 12, 12, 11, 11, 12, 1, 2, 2, 3, 4, 5, 5, 5, 5, 5, 5, 4, 5, 5, 5, 5, 5, 9, 10, 10, 11, 11, 12, 2, 4, 5, 5, 5, 5, 5, 5, 5, 5, 4, 5, 5, 5, 5, 5, 5, 5, 9, 9, 9, 10, 12, 1, 2, 4, 6, 6, 6, 6, 6, 6, 4, 5, 5, 5, 5, 9, 10, 10, 12, 11, 12, 1, 1, 2, 4, 5, 6, 6, 6, 6, 6, 4, 5, 5, 9, 10, 10, 12, 11, 12]
Y_pred:
[ 1  1  1  2  4  5  5  5  5  4  5  5  5  6  5  9 10 12 11 13  4  5  5  5  4
  5  5  5  4  9  5  5 13  5  5  5  1  1  4  5  5  5  6  7  6  4  5  5  9  9
  9 10 11  2  1  1  1  4  5  7  4  5  6  6  7  7  9 10 12 12 11 11  1  1  2
  4  5  5  5  5  6  4  6  6  6  6  6  6  5  5  9 10 12 12 12  1  1  1  2  1
  4  5  5  6  6  5  6  6  6  4  5  5  6  6  5  7  7  5  9 10 10 12 11 11 11
 12  1  1  2  3  4  5  5  5  5  5  7  5  5  5  5  5  5  9 10  9 12 11 12  1
  4  3  3  3 13  5  5  5  6  4  5  5  5  5  5  5  5  9 10  9 12 12  1  2  4
  6  5  6  5  6  6  4  4  5  5  8  9 10 12 12 11 12  1  2  2  4  5  5  6  6
  6  6  4  5  5  9 10 10 12 11 13]
test_Y len is 211Y_pred len is 211
[('6-5', 6), ('7-5', 3), ('5-3', 3), ('5-6', 3), ('11-12', 3), ('2-1', 3), ('12-11', 2), ('1-2', 2), ('5-7', 2), ('5-9', 2), ('10-12', 2), ('4-5', 1), ('9-10', 1), ('5-13', 1), ('1-9', 1), ('5-4', 1), ('6-7', 1), ('10-9', 1), ('12-10', 1), ('4-13', 1), ('4-9', 1), ('5-8', 1), ('3-1', 1), ('12-13', 1)]
**********************step=3**********************
0.739336492891
test_Y:
[1, 1, 1, 2, 4, 5, 5, 5, 5, 4, 5, 5, 5, 5, 5, 9, 10, 12, 11, 13, 4, 5, 5, 5, 4, 5, 5, 5, 4, 5, 5, 5, 4, 5, 5, 5, 1, 2, 4, 5, 5, 6, 6, 6, 6, 4, 5, 5, 4, 5, 1, 12, 12, 1, 1, 1, 1, 4, 5, 5, 4, 5, 6, 6, 7, 7, 9, 10, 12, 12, 11, 11, 1, 1, 2, 4, 5, 5, 5, 5, 5, 4, 6, 6, 6, 6, 6, 6, 7, 7, 9, 10, 11, 11, 12, 1, 1, 1, 2, 3, 4, 5, 5, 6, 6, 6, 6, 6, 6, 4, 5, 5, 6, 6, 6, 7, 7, 7, 9, 10, 10, 12, 12, 11, 11, 12, 1, 2, 2, 3, 4, 5, 5, 5, 5, 5, 5, 4, 5, 5, 5, 5, 5, 9, 10, 10, 11, 11, 12, 2, 4, 5, 5, 5, 5, 5, 5, 5, 5, 4, 5, 5, 5, 5, 5, 5, 5, 9, 9, 9, 10, 12, 1, 2, 4, 6, 6, 6, 6, 6, 6, 4, 5, 5, 5, 5, 9, 10, 10, 12, 11, 12, 1, 1, 2, 4, 5, 6, 6, 6, 6, 6, 4, 5, 5, 9, 10, 10, 12, 11, 12]
Y_pred:
[ 1  1  1  2  4  5  5  5  6  4  5  5  5  6  5  9 10 12 11 13  4  5  5  5  4
  5  5  5  9  9  5  5 11  9  5 11  1  1  4  5  5  6  6  6  6  4  5  5  9 12
 11  4 11  1  1  1  1  4  5  5  4  5  6  5  6  4  9 10 12 12 11 11  1  1  2
  4  5  5  5  5  6  4  6  6  6  6  6  6  6  6  9 10 12 11 11  1  1  1  2  1
  4  5  5  6  6  5  6  6  7  4  5  5  6  7  6  7  7  6  9 10 10 12 12 11 11
 12  1  1  2  3  4  5  3  6  5  5  6  4  5  5  6  4  6  9  9 10 11 12 12  1
  3  3  2  3  2  4  5  5  6  4  5  5  6  5  7  5  7  9  9  9 11 11  1  2  4
  6  6  6  5  6  6  4  5  5  5  5  9 10 12 12 12 12  1  1  2  4  5  5  5  6
  6  7  4  5  5  9 10 10 12 12 12]
test_Y len is 211Y_pred len is 211
[('5-6', 9), ('6-5', 5), ('7-6', 4), ('11-12', 4), ('6-7', 3), ('12-11', 3), ('2-1', 3), ('5-3', 3), ('5-2', 2), ('5-9', 2), ('5-4', 2), ('4-9', 2), ('5-7', 2), ('10-11', 1), ('5-11', 1), ('10-12', 1), ('1-11', 1), ('7-4', 1), ('10-9', 1), ('3-1', 1), ('5-12', 1), ('4-11', 1), ('12-4', 1), ('4-3', 1)]
**********************step=3**********************
0.78672985782
test_Y:
[1, 1, 1, 2, 4, 5, 5, 5, 5, 4, 5, 5, 5, 5, 5, 9, 10, 12, 11, 13, 4, 5, 5, 5, 4, 5, 5, 5, 4, 5, 5, 5, 4, 5, 5, 5, 1, 2, 4, 5, 5, 6, 6, 6, 6, 4, 5, 5, 4, 5, 1, 12, 12, 1, 1, 1, 1, 4, 5, 5, 4, 5, 6, 6, 7, 7, 9, 10, 12, 12, 11, 11, 1, 1, 2, 4, 5, 5, 5, 5, 5, 4, 6, 6, 6, 6, 6, 6, 7, 7, 9, 10, 11, 11, 12, 1, 1, 1, 2, 3, 4, 5, 5, 6, 6, 6, 6, 6, 6, 4, 5, 5, 6, 6, 6, 7, 7, 7, 9, 10, 10, 12, 12, 11, 11, 12, 1, 2, 2, 3, 4, 5, 5, 5, 5, 5, 5, 4, 5, 5, 5, 5, 5, 9, 10, 10, 11, 11, 12, 2, 4, 5, 5, 5, 5, 5, 5, 5, 5, 4, 5, 5, 5, 5, 5, 5, 5, 9, 9, 9, 10, 12, 1, 2, 4, 6, 6, 6, 6, 6, 6, 4, 5, 5, 5, 5, 9, 10, 10, 12, 11, 12, 1, 1, 2, 4, 5, 6, 6, 6, 6, 6, 4, 5, 5, 9, 10, 10, 12, 11, 12]
Y_pred:
[ 1  1  1  2  4  5  5  5  5  4  5  5  5  6  5  9 10 12 11 13  4  5  5  5  4
  5  5  5  4 10  5  5 12 11 11 12  1  2  4  5  5  6  6  6  6  4  5  5  9 10
 11 11 11  1  1  1  1  4  5  5  4  5  6  6  6  7  9 10 12 12 11 12  1  1  2
  4  5  5  5  4  7  4  6  6  6  6  6  6  6  5  9 10 11 11 12  1  1  1  2  2
  4  5  5  6  6  5  6  6  7  4  5  5  5  5  6  6  7  5  9 10 10 12 12 11 11
 12  1  1  2  3  4  5  5  5  6  4  5  4  5  5  5  4  5  9 10 10 11 11 12  1
  4  6  1  3 13  4  5  5  5  4  5  5  5  6  5  5  5  9 10 10 10 11  1  2  4
  6  6  6  8  6  5  4  5  5  5  5  9 10 12 12 11 12  1  2  2  4  5  5  6  5
  6  6  4  5  5  9 10 10 12 11 11]
test_Y len is 211Y_pred len is 211
[('6-5', 6), ('5-6', 4), ('12-11', 4), ('5-4', 4), ('7-6', 3), ('7-5', 2), ('9-10', 2), ('2-1', 2), ('5-11', 2), ('5-10', 2), ('5-12', 1), ('3-2', 1), ('6-8', 1), ('10-12', 1), ('5-1', 1), ('5-7', 1), ('5-13', 1), ('4-9', 1), ('5-3', 1), ('1-2', 1), ('1-11', 1), ('4-12', 1), ('11-12', 1), ('6-7', 1)]
**********************step=3**********************
0.781990521327
test_Y:
[1, 1, 1, 2, 4, 5, 5, 5, 5, 4, 5, 5, 5, 5, 5, 9, 10, 12, 11, 13, 4, 5, 5, 5, 4, 5, 5, 5, 4, 5, 5, 5, 4, 5, 5, 5, 1, 2, 4, 5, 5, 6, 6, 6, 6, 4, 5, 5, 4, 5, 1, 12, 12, 1, 1, 1, 1, 4, 5, 5, 4, 5, 6, 6, 7, 7, 9, 10, 12, 12, 11, 11, 1, 1, 2, 4, 5, 5, 5, 5, 5, 4, 6, 6, 6, 6, 6, 6, 7, 7, 9, 10, 11, 11, 12, 1, 1, 1, 2, 3, 4, 5, 5, 6, 6, 6, 6, 6, 6, 4, 5, 5, 6, 6, 6, 7, 7, 7, 9, 10, 10, 12, 12, 11, 11, 12, 1, 2, 2, 3, 4, 5, 5, 5, 5, 5, 5, 4, 5, 5, 5, 5, 5, 9, 10, 10, 11, 11, 12, 2, 4, 5, 5, 5, 5, 5, 5, 5, 5, 4, 5, 5, 5, 5, 5, 5, 5, 9, 9, 9, 10, 12, 1, 2, 4, 6, 6, 6, 6, 6, 6, 4, 5, 5, 5, 5, 9, 10, 10, 12, 11, 12, 1, 1, 2, 4, 5, 6, 6, 6, 6, 6, 4, 5, 5, 9, 10, 10, 12, 11, 12]
Y_pred:
[ 1  1  1  2  4  5  5  5  5  4  5  5  5  6  5  9 10 12 11 13  4  5  5  5  4
  5  5  5  4  5 10  5 11 12 12 12  1  3  4  5  5  5  6  6  6  4  5  5  9  1
 12 12 11  2  1  1  1  4  5  5  4  5  6  6  6  6  9 10 12 12 11 11  1  1  2
  4  5  5  5  5  6  4  6  6  6  6  6  6  7  6  9 10 12 11 11  1  1  1  2  2
  4  5  5  6  6  5  6  6  6  4  5  5  6  4  6  7  7  7  9 10 10 12 11 11 11
 12  1  1  2  3  5  5  5  5  5  5  5  5  5  5  5  5  7  9  6 10 11 11 11  1
  4  5  5  3  5  4  5  4  6  4  5  4  5  5  5  5  5  9 10  9 11 11  1  2  4
  6  6  6  5  6  6  4  4  5  5  7  9 10 12 12 11 12  1  3  2  4  5  5  6  6
  6  5  4  5  5  9 10 10 12 11 11]
test_Y len is 211Y_pred len is 211
[('12-11', 6), ('6-5', 5), ('5-4', 4), ('5-6', 3), ('5-12', 3), ('7-6', 3), ('4-5', 2), ('2-1', 2), ('5-7', 2), ('10-6', 1), ('11-12', 1), ('4-11', 1), ('2-3', 1), ('1-3', 1), ('5-10', 1), ('5-1', 1), ('5-3', 1), ('6-4', 1), ('9-10', 1), ('10-12', 1), ('10-11', 1), ('4-9', 1), ('1-2', 1), ('1-12', 1), ('3-2', 1)]
**********************step=3**********************
0.763033175355
test_Y:
[1, 1, 1, 2, 4, 5, 5, 5, 5, 4, 5, 5, 5, 5, 5, 9, 10, 12, 11, 13, 4, 5, 5, 5, 4, 5, 5, 5, 4, 5, 5, 5, 4, 5, 5, 5, 1, 2, 4, 5, 5, 6, 6, 6, 6, 4, 5, 5, 4, 5, 1, 12, 12, 1, 1, 1, 1, 4, 5, 5, 4, 5, 6, 6, 7, 7, 9, 10, 12, 12, 11, 11, 1, 1, 2, 4, 5, 5, 5, 5, 5, 4, 6, 6, 6, 6, 6, 6, 7, 7, 9, 10, 11, 11, 12, 1, 1, 1, 2, 3, 4, 5, 5, 6, 6, 6, 6, 6, 6, 4, 5, 5, 6, 6, 6, 7, 7, 7, 9, 10, 10, 12, 12, 11, 11, 12, 1, 2, 2, 3, 4, 5, 5, 5, 5, 5, 5, 4, 5, 5, 5, 5, 5, 9, 10, 10, 11, 11, 12, 2, 4, 5, 5, 5, 5, 5, 5, 5, 5, 4, 5, 5, 5, 5, 5, 5, 5, 9, 9, 9, 10, 12, 1, 2, 4, 6, 6, 6, 6, 6, 6, 4, 5, 5, 5, 5, 9, 10, 10, 12, 11, 12, 1, 1, 2, 4, 5, 6, 6, 6, 6, 6, 4, 5, 5, 9, 10, 10, 12, 11, 12]
Y_pred:
[ 1  1  1  3  4  5  5  5  5  4  5  5  5  7  5  9 10 12 11 13  4  5  5  5  4
  5  5  5  4 10  5  5  4 11  5  5  1  3  4  5  5  6  6  6  7  4  5  5  9  6
  9 11 11  2  1  1  1  4  5  5  4  5  6  6  6  6  9 10 12 12 11 11  1  1  2
  4  5  5  5  5  6  4  6  6  5  6  6  6  7  5  9 10 11 11 12  1  1  1  2  1
  4  5  5  6  6  5  5  6  7  4  5  5  6  6  6  7  7  7  9 10 10 12 11 11 13
 12  1  1  2  3  4  5  5  5  5  7  7  4  5  5  5  6  7  9 10 10 10 11 11  1
  3  3  1  3 13  4  5  5  6  4  5  5  5  5  5  4  5  9 10  9 10 10  1  2  4
  6  6  6  5  6  5  4  5  5  5  7  9 10 12 12 11 12  1  1  2  4  4  5  6  6
  6  7  4  5  5  9 10 10 12 13 13]
test_Y len is 211Y_pred len is 211
[('6-5', 6), ('5-7', 5), ('12-11', 4), ('5-6', 4), ('5-4', 3), ('6-7', 3), ('2-1', 2), ('11-13', 2), ('2-3', 2), ('5-3', 2), ('7-6', 2), ('12-13', 1), ('1-9', 1), ('3-1', 1), ('5-11', 1), ('5-1', 1), ('5-10', 1), ('4-3', 1), ('11-10', 1), ('5-13', 1), ('7-5', 1), ('1-2', 1), ('9-10', 1), ('4-9', 1), ('12-10', 1), ('10-12', 1)]
**********************step=3**********************
0.78672985782
test_Y:
[1, 1, 1, 2, 4, 5, 5, 5, 5, 4, 5, 5, 5, 5, 5, 9, 10, 12, 11, 13, 4, 5, 5, 5, 4, 5, 5, 5, 4, 5, 5, 5, 4, 5, 5, 5, 1, 2, 4, 5, 5, 6, 6, 6, 6, 4, 5, 5, 4, 5, 1, 12, 12, 1, 1, 1, 1, 4, 5, 5, 4, 5, 6, 6, 7, 7, 9, 10, 12, 12, 11, 11, 1, 1, 2, 4, 5, 5, 5, 5, 5, 4, 6, 6, 6, 6, 6, 6, 7, 7, 9, 10, 11, 11, 12, 1, 1, 1, 2, 3, 4, 5, 5, 6, 6, 6, 6, 6, 6, 4, 5, 5, 6, 6, 6, 7, 7, 7, 9, 10, 10, 12, 12, 11, 11, 12, 1, 2, 2, 3, 4, 5, 5, 5, 5, 5, 5, 4, 5, 5, 5, 5, 5, 9, 10, 10, 11, 11, 12, 2, 4, 5, 5, 5, 5, 5, 5, 5, 5, 4, 5, 5, 5, 5, 5, 5, 5, 9, 9, 9, 10, 12, 1, 2, 4, 6, 6, 6, 6, 6, 6, 4, 5, 5, 5, 5, 9, 10, 10, 12, 11, 12, 1, 1, 2, 4, 5, 6, 6, 6, 6, 6, 4, 5, 5, 9, 10, 10, 12, 11, 12]
Y_pred:
[ 1  1  1  2  4  5  5  6  5  4  5  5  5  6  5  9 10 12 11 13  4  5  5  5  4
  5  5  5  4  5  5 10  6  5  5 11  1  2  4  5  5  6  7  5  6  4  5  5  9  6
  9 12 11  1  1  1  1  4  5  5  4  5  6  5  7  6  9 10 12 12 11 11  1  1  2
  4  5  5  5  5  5  4  6  6  6  7  6  6  7  7  9 10 11 11 11  1  1  1  2  1
  4  5  5  6  6  5  6  6  7  4  5  5  6  6  6  7  7  6  9 10 10 12 11 11 11
 12  1  1  2  3  4  5  5  5  3  5  5  5  5  5  6  5  6  9 10 10 11 11 11  1
  3  5  2  3  2  4  5  5  3  4  5  5  5  6  6  5  5  9 10  9 11 11  1  2  4
  6  6  6  5  6  6  4  5  5  5  8  9 10 12 12 11 12  1  1  2  4  5  5  5  6
  6  6  4  5  5  9 10 10 12 13 13]
test_Y len is 211Y_pred len is 211
[('5-6', 7), ('6-5', 6), ('12-11', 5), ('5-3', 3), ('6-7', 3), ('7-6', 2), ('2-1', 2), ('5-2', 2), ('4-9', 1), ('10-12', 1), ('5-4', 1), ('9-10', 1), ('4-3', 1), ('10-11', 1), ('5-10', 1), ('3-1', 1), ('4-5', 1), ('4-6', 1), ('5-8', 1), ('12-13', 1), ('1-9', 1), ('5-11', 1), ('11-13', 1)]
**********************step=3**********************
0.796208530806
test_Y:
[1, 1, 1, 2, 4, 5, 5, 5, 5, 4, 5, 5, 5, 5, 5, 9, 10, 12, 11, 13, 4, 5, 5, 5, 4, 5, 5, 5, 4, 5, 5, 5, 4, 5, 5, 5, 1, 2, 4, 5, 5, 6, 6, 6, 6, 4, 5, 5, 4, 5, 1, 12, 12, 1, 1, 1, 1, 4, 5, 5, 4, 5, 6, 6, 7, 7, 9, 10, 12, 12, 11, 11, 1, 1, 2, 4, 5, 5, 5, 5, 5, 4, 6, 6, 6, 6, 6, 6, 7, 7, 9, 10, 11, 11, 12, 1, 1, 1, 2, 3, 4, 5, 5, 6, 6, 6, 6, 6, 6, 4, 5, 5, 6, 6, 6, 7, 7, 7, 9, 10, 10, 12, 12, 11, 11, 12, 1, 2, 2, 3, 4, 5, 5, 5, 5, 5, 5, 4, 5, 5, 5, 5, 5, 9, 10, 10, 11, 11, 12, 2, 4, 5, 5, 5, 5, 5, 5, 5, 5, 4, 5, 5, 5, 5, 5, 5, 5, 9, 9, 9, 10, 12, 1, 2, 4, 6, 6, 6, 6, 6, 6, 4, 5, 5, 5, 5, 9, 10, 10, 12, 11, 12, 1, 1, 2, 4, 5, 6, 6, 6, 6, 6, 4, 5, 5, 9, 10, 10, 12, 11, 12]
Y_pred:
[ 1  1  1  3  4  5  5  5  5  4  5  5  5  5  5  9 10 12 11 13  4  5  5  5  4
  5  5  5  4  5  5  5  9  5  5  5  1  2  4  5  5  6  6  6  6  4  5  5  9  1
 11  4 11  1  1  1  1  4  5  5  4  5  6  5  6  6  9 10 12 12 11 11  1  1  2
  4  5  5  5  5  5  4  6  6  6  6  7  6  6  6  9 10 11 11 11  1  1  1  1  3
  4  5  5  6  6  6  6  6  7  4  5  5  5  4  6  6  7  6  9 10 10 12 11 11 11
 11  1  1  2  3  4  5  5  5  5  4  5  5  5  5  5  5  5  9  9 12 11 11 11  1
  3  2  3  3  5  4  5  5  6  4  5  5  5  5  5  5  5  4  9  9 13 11  1  2  4
  6  6  6  5  6  6  4  5  5  5  5  9  9 12 12 11 12  1  1  2  4  5  5  6  6
  6  6  4  5  5  9 10 10 12 11 13]
test_Y len is 211Y_pred len is 211
[('12-11', 6), ('7-6', 6), ('6-5', 4), ('2-1', 3), ('5-3', 2), ('6-7', 2), ('4-9', 2), ('10-9', 2), ('5-4', 2), ('10-12', 2), ('12-4', 1), ('2-3', 1), ('1-11', 1), ('10-13', 1), ('6-4', 1), ('4-3', 1), ('4-5', 1), ('5-1', 1), ('9-4', 1), ('12-13', 1), ('5-6', 1), ('5-2', 1)]
