0.43661971831
test_Y:
[11, 12, 1, 1, 1, 2, 4, 5, 5, 5, 5, 4, 5, 5, 5, 5, 5, 9, 10, 12, 11, 13, 4, 5, 5, 5, 4, 5, 5, 5, 4, 5, 5, 5, 4, 5, 5, 5, 1, 2, 4, 5, 5, 6, 6, 6, 6, 4, 5, 5, 4, 5, 1, 12, 12, 1, 1, 1, 1, 4, 5, 5, 4, 5, 6, 6, 7, 7, 9, 10, 12, 12, 11, 11, 1, 1, 2, 4, 5, 5, 5, 5, 5, 4, 6, 6, 6, 6, 6, 6, 7, 7, 9, 10, 11, 11, 12, 1, 1, 1, 2, 3, 4, 5, 5, 6, 6, 6, 6, 6, 6, 4, 5, 5, 6, 6, 6, 7, 7, 7, 9, 10, 10, 12, 12, 11, 11, 12, 1, 2, 2, 3, 4, 5, 5, 5, 5, 5, 5, 4, 5, 5, 5, 5, 5, 9, 10, 10, 11, 11, 12, 2, 4, 5, 5, 5, 5, 5, 5, 5, 5, 4, 5, 5, 5, 5, 5, 5, 5, 9, 9, 9, 10, 12, 1, 2, 4, 6, 6, 6, 6, 6, 6, 4, 5, 5, 5, 5, 9, 10, 10, 12, 11, 12, 1, 1, 2, 4, 5, 6, 6, 6, 6, 6, 4, 5, 5, 9, 10, 10, 12, 11, 12]
Y_pred:
[11 12  1  2  1  1  4  5  1  5  5  1  5  1  5  5  5  1 10  1 12  1  4  5  5
  5  4  5  5  5  1 10 10  5  1 10  1  5  1  1  1  4  2  6  5  2  1  1  1  3
  1  4  1  1  1  1  1  1  1  4  5  2  4  5  5  1  5  5  1 10 12  1 12  5  1
  1  1  2  5  5  1  2  1  4  1  5  5  1  1  6  5  5  2 10  1 11 12  1  1  1
  1  1  1  5  5  5  6  5  7  6  2  1  5  1  6  1  5  2  5  5  1 10 10  1 12
 11  5 12  1  1  2  1  1  5  5  5  5  5  5  1  5  1  5  5  5 12  6  1  1  1
 12  1  1  1  1  1 13  1  1 13  4  4  1  5  1  5  1  1  5  1  2  2  1 11  1
  1  4  2  2  4  5  1  1  4  1  5  1  5  1 12  1 12 11 12  1  1  1  4  1  1
  5 13  1  2  4  5  5  1 10 10 12 12  1]
test_Y len is 213Y_pred len is 213
[('5-1', 20), ('4-1', 11), ('6-1', 10), ('6-5', 9), ('2-1', 8), ('7-5', 6), ('9-1', 6), ('12-1', 6), ('6-2', 5), ('11-12', 3), ('5-4', 3), ('5-2', 3), ('5-10', 3), ('11-1', 3), ('9-2', 3), ('10-1', 3), ('11-5', 2), ('3-1', 2), ('5-13', 2), ('5-3', 1), ('6-7', 1), ('9-12', 1), ('6-4', 1), ('7-2', 1), ('12-11', 1), ('10-6', 1), ('10-12', 1), ('13-1', 1), ('6-13', 1), ('1-2', 1), ('4-2', 1)]