0.530516431925
test_Y:
[11, 12, 1, 1, 1, 2, 4, 5, 5, 5, 5, 4, 5, 5, 5, 5, 5, 9, 10, 12, 11, 13, 4, 5, 5, 5, 4, 5, 5, 5, 4, 5, 5, 5, 4, 5, 5, 5, 1, 2, 4, 5, 5, 6, 6, 6, 6, 4, 5, 5, 4, 5, 1, 12, 12, 1, 1, 1, 1, 4, 5, 5, 4, 5, 6, 6, 7, 7, 9, 10, 12, 12, 11, 11, 1, 1, 2, 4, 5, 5, 5, 5, 5, 4, 6, 6, 6, 6, 6, 6, 7, 7, 9, 10, 11, 11, 12, 1, 1, 1, 2, 3, 4, 5, 5, 6, 6, 6, 6, 6, 6, 4, 5, 5, 6, 6, 6, 7, 7, 7, 9, 10, 10, 12, 12, 11, 11, 12, 1, 2, 2, 3, 4, 5, 5, 5, 5, 5, 5, 4, 5, 5, 5, 5, 5, 9, 10, 10, 11, 11, 12, 2, 4, 5, 5, 5, 5, 5, 5, 5, 5, 4, 5, 5, 5, 5, 5, 5, 5, 9, 9, 9, 10, 12, 1, 2, 4, 6, 6, 6, 6, 6, 6, 4, 5, 5, 5, 5, 9, 10, 10, 12, 11, 12, 1, 1, 2, 4, 5, 6, 6, 6, 6, 6, 4, 5, 5, 9, 10, 10, 12, 11, 12]
Y_pred:
[11 12  1  1  1  1  4  5  5  5  5  4  5  5  5  5  5 12 10 11 13  1  4  5  5
  5  4  5  5  5  9 10 10 10 11 10 10 10  1  1  4  4  4  6  5  5  5  4  5  5
  1  6 12 13 11  1  1  1  1  4  5  5  4  5  5  5  5  5  9 10 12 12 13 13  1
  1  1  4  5  5  5  4  5  4  4  6  5  5 12  6  5  5  4 10  4 13 13  1  1  1
  1  1  4  5  4  5  6  5  5  6  5  4  5  4  6  4  5  5  5  3  9 13 10 12  1
 11 13  5  1  1  1  1  4  5  5  5  5  4  5  4  5  5  5  5  5  1  3 13 11 11
 13  1  1  1  1  1  1  4  5  4  5  4  5  5  5  5  5  5  5  9 12  1 12 13  1
  1  4  3 12  4  5  5  5  4  4  5  5  5  9 10  9 12 12 12  1  1  1  4  4  4
  5  5  5  5  4  5  5  9  4  1 12 12 13]
test_Y len is 213Y_pred len is 213
[('6-5', 19), ('5-4', 10), ('2-1', 9), ('7-5', 6), ('5-10', 6), ('11-13', 5), ('12-13', 5), ('5-1', 4), ('6-4', 4), ('3-1', 2), ('6-12', 2), ('12-11', 2), ('9-12', 2), ('4-1', 2), ('11-12', 2), ('9-1', 2), ('10-13', 2), ('7-3', 1), ('12-5', 1), ('10-3', 1), ('10-1', 1), ('4-9', 1), ('12-1', 1), ('4-11', 1), ('10-9', 1), ('9-4', 1), ('1-12', 1), ('11-4', 1), ('10-4', 1), ('13-1', 1), ('6-3', 1), ('5-6', 1), ('10-12', 1)]
0.319248826291
test_Y:
[11, 12, 1, 1, 1, 2, 4, 5, 5, 5, 5, 4, 5, 5, 5, 5, 5, 9, 10, 12, 11, 13, 4, 5, 5, 5, 4, 5, 5, 5, 4, 5, 5, 5, 4, 5, 5, 5, 1, 2, 4, 5, 5, 6, 6, 6, 6, 4, 5, 5, 4, 5, 1, 12, 12, 1, 1, 1, 1, 4, 5, 5, 4, 5, 6, 6, 7, 7, 9, 10, 12, 12, 11, 11, 1, 1, 2, 4, 5, 5, 5, 5, 5, 4, 6, 6, 6, 6, 6, 6, 7, 7, 9, 10, 11, 11, 12, 1, 1, 1, 2, 3, 4, 5, 5, 6, 6, 6, 6, 6, 6, 4, 5, 5, 6, 6, 6, 7, 7, 7, 9, 10, 10, 12, 12, 11, 11, 12, 1, 2, 2, 3, 4, 5, 5, 5, 5, 5, 5, 4, 5, 5, 5, 5, 5, 9, 10, 10, 11, 11, 12, 2, 4, 5, 5, 5, 5, 5, 5, 5, 5, 4, 5, 5, 5, 5, 5, 5, 5, 9, 9, 9, 10, 12, 1, 2, 4, 6, 6, 6, 6, 6, 6, 4, 5, 5, 5, 5, 9, 10, 10, 12, 11, 12, 1, 1, 2, 4, 5, 6, 6, 6, 6, 6, 4, 5, 5, 9, 10, 10, 12, 11, 12]
Y_pred:
[ 1 12  1  2  1  1  1  5  1  5  1  1  1  1  1  1  5 12  1  1  4 13  4  1  5
  5  4  1  5  5  9  1  5  5  9  1  5  5  1  2  2  1  5  4  4  1  5  1  1  1
  1  1  1  1  1  1  1  1  1  4  5  5  4  1  1  1  5  1  1  1  2  2  1  1  2
  1  2  4  1  5  5  5  1  4  1  1  1  4  1  6  6  1  4  1  1  1  1  1  1  2
  2  2  4  5  1  1  4  5  5  6  1  4  5  5  6  1  1  1  1  1  1  1  1  2  1
 11  1  1  1  1  2  2  4  5  5  1  5  4  4  4  1  5  1  1  4  1  1  1  4  1
  1  2  1  1  1  1 13  1  1  4  4  4  5  1  1  1  1  1  1  1  1  1  1  1  1
  2  4  1  2  1  1  1  1  1  1  1  1  1  1  1  1  1  1  2  1  1  1  4  5  1
  1  1  1  5  1  5  1 11 10  1  2  1  1]
test_Y len is 213Y_pred len is 213
[('5-1', 38), ('6-1', 20), ('10-1', 11), ('12-1', 10), ('11-1', 9), ('4-1', 7), ('9-1', 7), ('12-2', 5), ('5-4', 5), ('7-1', 5), ('6-5', 4), ('6-4', 4), ('2-1', 3), ('1-2', 3), ('3-2', 2), ('4-9', 2), ('11-4', 2), ('9-11', 1), ('7-5', 1), ('6-2', 1), ('9-12', 1), ('7-6', 1), ('4-2', 1), ('9-4', 1), ('5-13', 1)]0.643192488263
test_Y:
[11, 12, 1, 1, 1, 2, 4, 5, 5, 5, 5, 4, 5, 5, 5, 5, 5, 9, 10, 12, 11, 13, 4, 5, 5, 5, 4, 5, 5, 5, 4, 5, 5, 5, 4, 5, 5, 5, 1, 2, 4, 5, 5, 6, 6, 6, 6, 4, 5, 5, 4, 5, 1, 12, 12, 1, 1, 1, 1, 4, 5, 5, 4, 5, 6, 6, 7, 7, 9, 10, 12, 12, 11, 11, 1, 1, 2, 4, 5, 5, 5, 5, 5, 4, 6, 6, 6, 6, 6, 6, 7, 7, 9, 10, 11, 11, 12, 1, 1, 1, 2, 3, 4, 5, 5, 6, 6, 6, 6, 6, 6, 4, 5, 5, 6, 6, 6, 7, 7, 7, 9, 10, 10, 12, 12, 11, 11, 12, 1, 2, 2, 3, 4, 5, 5, 5, 5, 5, 5, 4, 5, 5, 5, 5, 5, 9, 10, 10, 11, 11, 12, 2, 4, 5, 5, 5, 5, 5, 5, 5, 5, 4, 5, 5, 5, 5, 5, 5, 5, 9, 9, 9, 10, 12, 1, 2, 4, 6, 6, 6, 6, 6, 6, 4, 5, 5, 5, 5, 9, 10, 10, 12, 11, 12, 1, 1, 2, 4, 5, 6, 6, 6, 6, 6, 4, 5, 5, 9, 10, 10, 12, 11, 12]
Y_pred:
[ 4 12  1  2  2  3  4  5  5  6 13  4  5  3  4  4  6  9 10 11 11 13  4  5  5
  5  4  5  5  5  4  5  5  5  4  5  5  5  1  2  4  4  6  6  6  7  7  4  4  3
  4  5  4  1 13  1  1  1  2  4  5  5  4  5  6  6  6  7  9 10 12  4 11 11  2
  1  2  4  5  5  6  6  6  4  4  6  6  7  6  6  6  7  9 10 11 11 11  1  1  1
  2  3  4  4  4  6  6  6  6  6  7  4  5  4  6  6  6  7  7  7  9 10 10 12 11
 11  9 11  1  1  2  3  4  4  4 13  4  4  7  4  5  4  4  4  7  9 10 10 11 11
 11  2  4  1  3  3 13  4  4  6  6  4  4  4  6  7  7  7  7  9  9  9  9 13  1
  2  4  6  6  6  6  6  6  4  5  5  6  3  9 10 10 12 11 12  1  1  2  4 13  5
  6  6  6  7  4  5 13  4 11 10 12 11 11]
test_Y len is 213Y_pred len is 213
[('5-4', 18), ('5-6', 10), ('5-7', 6), ('12-11', 6), ('6-7', 5), ('5-13', 5), ('5-3', 5), ('1-2', 4), ('7-6', 2), ('12-13', 2), ('6-4', 1), ('10-9', 1), ('5-1', 1), ('11-9', 1), ('2-1', 1), ('1-4', 1), ('10-11', 1), ('6-5', 1), ('12-4', 1), ('9-4', 1), ('11-4', 1), ('12-1', 1), ('2-3', 1)]