0.596244131455
test_Y:
[11, 12, 1, 1, 1, 2, 4, 5, 5, 5, 5, 4, 5, 5, 5, 5, 5, 9, 10, 12, 11, 13, 4, 5, 5, 5, 4, 5, 5, 5, 4, 5, 5, 5, 4, 5, 5, 5, 1, 2, 4, 5, 5, 6, 6, 6, 6, 4, 5, 5, 4, 5, 1, 12, 12, 1, 1, 1, 1, 4, 5, 5, 4, 5, 6, 6, 7, 7, 9, 10, 12, 12, 11, 11, 1, 1, 2, 4, 5, 5, 5, 5, 5, 4, 6, 6, 6, 6, 6, 6, 7, 7, 9, 10, 11, 11, 12, 1, 1, 1, 2, 3, 4, 5, 5, 6, 6, 6, 6, 6, 6, 4, 5, 5, 6, 6, 6, 7, 7, 7, 9, 10, 10, 12, 12, 11, 11, 12, 1, 2, 2, 3, 4, 5, 5, 5, 5, 5, 5, 4, 5, 5, 5, 5, 5, 9, 10, 10, 11, 11, 12, 2, 4, 5, 5, 5, 5, 5, 5, 5, 5, 4, 5, 5, 5, 5, 5, 5, 5, 9, 9, 9, 10, 12, 1, 2, 4, 6, 6, 6, 6, 6, 6, 4, 5, 5, 5, 5, 9, 10, 10, 12, 11, 12, 1, 1, 2, 4, 5, 6, 6, 6, 6, 6, 4, 5, 5, 9, 10, 10, 12, 11, 12]
Y_pred:
[11 12  1  1  1  3  4  5  4  6  5  4  5  5  5  4  3  9 10 11 11 13  4  5  5
  5  4  5  5  5  9  5  5  5  9  5  5  5  1  1  4  4  4  6  6  4  4  4  4  3
  9  6  9  4  1  1  1  1  2  4  5  4  4  5  6  6  4  7  9  9 12 11 11 11  1
  1  2  4  5  5  5  4  6  4  4  6  4  4  6  6  6  4  9 10 10 11 11  1  1  1
  2  3  4  4  4  6  6  4  6  6  7  4  5  4  6  6  4  6  4  7  9 10 10 12 11
 11 11 11  1  1  2  3  4 13  4  4  5  4  5  4  4  4  4  4  7  9 10  9 11 11
 11  1  1  3  3  3 13  4  4  4  5  4  4  6  4  5  5  4  4  9 10  9 11 11  1
  2  4  6  4  6  7  6  4  4  4  5  5  5  9  9 12 12 11 12  1  1  2  4  4  5
  6  4  4  4  4  5  6  9  9 10 12 11 12]
test_Y len is 213Y_pred len is 213
[('5-4', 26), ('6-4', 12), ('12-11', 7), ('5-3', 5), ('5-6', 5), ('10-9', 4), ('7-4', 3), ('4-9', 3), ('2-1', 3), ('5-13', 2), ('7-6', 2), ('6-7', 2), ('2-3', 1), ('5-7', 1), ('12-4', 1), ('12-1', 1), ('10-11', 1), ('9-10', 1), ('11-10', 1), ('6-5', 1), ('10-12', 1), ('4-1', 1), ('1-2', 1), ('1-9', 1)]