**********************step=8**********************
0.597156398104
test_Y:
[1, 1, 1, 2, 4, 5, 5, 5, 5, 4, 5, 5, 5, 5, 5, 9, 10, 12, 11, 13, 4, 5, 5, 5, 4, 5, 5, 5, 4, 5, 5, 5, 4, 5, 5, 5, 1, 2, 4, 5, 5, 6, 6, 6, 6, 4, 5, 5, 4, 5, 1, 12, 12, 1, 1, 1, 1, 4, 5, 5, 4, 5, 6, 6, 7, 7, 9, 10, 12, 12, 11, 11, 1, 1, 2, 4, 5, 5, 5, 5, 5, 4, 6, 6, 6, 6, 6, 6, 7, 7, 9, 10, 11, 11, 12, 1, 1, 1, 2, 3, 4, 5, 5, 6, 6, 6, 6, 6, 6, 4, 5, 5, 6, 6, 6, 7, 7, 7, 9, 10, 10, 12, 12, 11, 11, 12, 1, 2, 2, 3, 4, 5, 5, 5, 5, 5, 5, 4, 5, 5, 5, 5, 5, 9, 10, 10, 11, 11, 12, 2, 4, 5, 5, 5, 5, 5, 5, 5, 5, 4, 5, 5, 5, 5, 5, 5, 5, 9, 9, 9, 10, 12, 1, 2, 4, 6, 6, 6, 6, 6, 6, 4, 5, 5, 5, 5, 9, 10, 10, 12, 11, 12, 1, 1, 2, 4, 5, 6, 6, 6, 6, 6, 4, 5, 5, 9, 10, 10, 12, 11, 12]
Y_pred:
[ 1  4  1  2  4  5  4  4  5  4  5  3  7  6  3  9 10 12 12 13  4  5  5  5  4
  5  5  5  4  5  5  5  4  5  5  5  1  1  4  4  4  6  6  6  7  4  5  3  7  6
  4  4 11  1  2  1  3  4  5  7  6  5  6  6  6  8  9 10 12 12 11 11  1  1  1
  4  4  5  5  2  5  4  3  6  6  5  5  6  7  7  9 10 11 10 13  1  1  1  1  3
  4  5  4  6  6  4  6  6  7  4  5  6  6  6  7  7  7  7  9 10 10 12  9 11  9
 12  1  1  1  3  4  4  6  3  3  4  3  4  5  5  2  4  3  4 10 10 12 11 13  1
  3  4  3  3  5  4  4  3  6  4  5  6  4  4  7  3  3  6  9  9  4 12  1  2  4
  6 12  4  6  6  6  4  5  5  4  4  9  9  9 12 13 12  1  1  2  4  4  6  6  7
  6  7  4  5  4  4 10  9 12 11 13]
test_Y len is 211，and Y_pred len is 211
**********************step=8**********************
0.691943127962
test_Y:
[1, 1, 1, 2, 4, 5, 5, 5, 5, 4, 5, 5, 5, 5, 5, 9, 10, 12, 11, 13, 4, 5, 5, 5, 4, 5, 5, 5, 4, 5, 5, 5, 4, 5, 5, 5, 1, 2, 4, 5, 5, 6, 6, 6, 6, 4, 5, 5, 4, 5, 1, 12, 12, 1, 1, 1, 1, 4, 5, 5, 4, 5, 6, 6, 7, 7, 9, 10, 12, 12, 11, 11, 1, 1, 2, 4, 5, 5, 5, 5, 5, 4, 6, 6, 6, 6, 6, 6, 7, 7, 9, 10, 11, 11, 12, 1, 1, 1, 2, 3, 4, 5, 5, 6, 6, 6, 6, 6, 6, 4, 5, 5, 6, 6, 6, 7, 7, 7, 9, 10, 10, 12, 12, 11, 11, 12, 1, 2, 2, 3, 4, 5, 5, 5, 5, 5, 5, 4, 5, 5, 5, 5, 5, 9, 10, 10, 11, 11, 12, 2, 4, 5, 5, 5, 5, 5, 5, 5, 5, 4, 5, 5, 5, 5, 5, 5, 5, 9, 9, 9, 10, 12, 1, 2, 4, 6, 6, 6, 6, 6, 6, 4, 5, 5, 5, 5, 9, 10, 10, 12, 11, 12, 1, 1, 2, 4, 5, 6, 6, 6, 6, 6, 4, 5, 5, 9, 10, 10, 12, 11, 12]
Y_pred:
[ 1  2  1  3  4  5  4  5  5  4  5  5  5  6  5  9 10 12 12 13  4  5  5  5  4
  5  5  5  4  5  5  5  4  5  5  5  1  3  4  5  5  6  6  6  6  4  5  5  4  6
 11  4  5  1  1  1  3  4  5  5  4  5  6  6  6  6  9  9 12 12 11 11  1  1  1
  4  5  5  5  5  6  4  6  6  6  6  6  6  6  4  9 10  5 11 11  4  1  1  1  3
  4  4  4  6  6  6  6  6  7  4  5  5  6  6  6  5  6  6  9 10 10 12 11 11 11
  6  1  1  2  3  4  4  6  6  5  4  4  4  5  5  5  5  6  9 10  9  9 10 11  2
  4  3  3  3 13  4  4  6  5  4  5  5  5  6  5  5  5  9  9  9 11 10  4  2  4
  6  4  6  5  6  6  4  4  5  5  5  9  9 12 12 10 12  1  1  2  4  5  5  5  4
  7  6  4  5  5  9  9 10 12 13  6]
test_Y len is 211，and Y_pred len is 211
**********************step=8**********************
0.63981042654
test_Y:
[1, 1, 1, 2, 4, 5, 5, 5, 5, 4, 5, 5, 5, 5, 5, 9, 10, 12, 11, 13, 4, 5, 5, 5, 4, 5, 5, 5, 4, 5, 5, 5, 4, 5, 5, 5, 1, 2, 4, 5, 5, 6, 6, 6, 6, 4, 5, 5, 4, 5, 1, 12, 12, 1, 1, 1, 1, 4, 5, 5, 4, 5, 6, 6, 7, 7, 9, 10, 12, 12, 11, 11, 1, 1, 2, 4, 5, 5, 5, 5, 5, 4, 6, 6, 6, 6, 6, 6, 7, 7, 9, 10, 11, 11, 12, 1, 1, 1, 2, 3, 4, 5, 5, 6, 6, 6, 6, 6, 6, 4, 5, 5, 6, 6, 6, 7, 7, 7, 9, 10, 10, 12, 12, 11, 11, 12, 1, 2, 2, 3, 4, 5, 5, 5, 5, 5, 5, 4, 5, 5, 5, 5, 5, 9, 10, 10, 11, 11, 12, 2, 4, 5, 5, 5, 5, 5, 5, 5, 5, 4, 5, 5, 5, 5, 5, 5, 5, 9, 9, 9, 10, 12, 1, 2, 4, 6, 6, 6, 6, 6, 6, 4, 5, 5, 5, 5, 9, 10, 10, 12, 11, 12, 1, 1, 2, 4, 5, 6, 6, 6, 6, 6, 4, 5, 5, 9, 10, 10, 12, 11, 12]
Y_pred:
[ 1  1  1  2  4  5  4  4  4  4  5  4  4  4  5  9 10 11 11 13  4  5  5  5  4
  5  5  5  4  5  5  5  4  5  5  5  1  2  4  4  4  6  4  8  7  4  5  5  4  6
  4  1 11  1  1  1  3  4  5  5  4  5  5  5  7  7  9 10 12 12 11 11  1  1  2
  4  5  5  5  4  5  4  5  6  6  5 10  6  5  4  9 10 12 10 11  1  1  1  1  3
  4  5  5  6  6  5  6  6  6  4  5  5  6  6  6  7  4  4  9  9 10 12 11 11 11
 12  1  1  2  3  4  4  4  5  4  4  4  4  5  5  4  4  4  4  9  9 13 11 11  1
  3  2  3  4 13  4  4  4  5  4  5  5  5  5  5  4  4  9  9  9 11 11  1  2  4
  4 12  4  7  7  3  4  4  5  5  5  9  9 12 12 12 12  1  1  2  4  4  5  5  6
  6  6  4  5  5  9  9 11 12 11 12]
test_Y len is 211，and Y_pred len is 211
**********************step=8**********************
0.772511848341
test_Y:
[1, 1, 1, 2, 4, 5, 5, 5, 5, 4, 5, 5, 5, 5, 5, 9, 10, 12, 11, 13, 4, 5, 5, 5, 4, 5, 5, 5, 4, 5, 5, 5, 4, 5, 5, 5, 1, 2, 4, 5, 5, 6, 6, 6, 6, 4, 5, 5, 4, 5, 1, 12, 12, 1, 1, 1, 1, 4, 5, 5, 4, 5, 6, 6, 7, 7, 9, 10, 12, 12, 11, 11, 1, 1, 2, 4, 5, 5, 5, 5, 5, 4, 6, 6, 6, 6, 6, 6, 7, 7, 9, 10, 11, 11, 12, 1, 1, 1, 2, 3, 4, 5, 5, 6, 6, 6, 6, 6, 6, 4, 5, 5, 6, 6, 6, 7, 7, 7, 9, 10, 10, 12, 12, 11, 11, 12, 1, 2, 2, 3, 4, 5, 5, 5, 5, 5, 5, 4, 5, 5, 5, 5, 5, 9, 10, 10, 11, 11, 12, 2, 4, 5, 5, 5, 5, 5, 5, 5, 5, 4, 5, 5, 5, 5, 5, 5, 5, 9, 9, 9, 10, 12, 1, 2, 4, 6, 6, 6, 6, 6, 6, 4, 5, 5, 5, 5, 9, 10, 10, 12, 11, 12, 1, 1, 2, 4, 5, 6, 6, 6, 6, 6, 4, 5, 5, 9, 10, 10, 12, 11, 12]
Y_pred:
[ 1  1  1  3  4  5  5  5  5  4  5  5  5  5  5  4 10 12 12 13  4  5  5  5  4
  5  5  5  4  5  5  5  4  5  5  5  1  3  4  5  5  6  6  7  7  4  5  5  5  5
 12  5 11  1  1  1  3  4  5  5  4  5  6  6  7  7  9 10 12 12 12 11  1  1  5
  4  5  5  5  4  6  4  5  6  6  6  6  6  7  7  9 10 12 11 11  1  1  1  1  3
  4  5  5  6  6  7  6  6  6  4  5  5  6  6  6  7  7  7  9 10 10 12 12 11 11
 11  1  1  2  3  4  4  5  5  5  5  5  4  5  5  5  5  6  9 10 10 12 11  6  1
  3  3  3  3 13  4  5  5  5  4  5  5  5  6  5  3  5  9 10  9 12 10  1  2  4
  5  7  6  8  6  6  4  5  5  5  5  9 10 12 12 12 12  1  1  2  4  5  6  6  3
  6  7  4  5  2  4 10 10 12 11 11]
test_Y len is 211，and Y_pred len is 211
**********************step=8**********************
0.630331753555
test_Y:
[1, 1, 1, 2, 4, 5, 5, 5, 5, 4, 5, 5, 5, 5, 5, 9, 10, 12, 11, 13, 4, 5, 5, 5, 4, 5, 5, 5, 4, 5, 5, 5, 4, 5, 5, 5, 1, 2, 4, 5, 5, 6, 6, 6, 6, 4, 5, 5, 4, 5, 1, 12, 12, 1, 1, 1, 1, 4, 5, 5, 4, 5, 6, 6, 7, 7, 9, 10, 12, 12, 11, 11, 1, 1, 2, 4, 5, 5, 5, 5, 5, 4, 6, 6, 6, 6, 6, 6, 7, 7, 9, 10, 11, 11, 12, 1, 1, 1, 2, 3, 4, 5, 5, 6, 6, 6, 6, 6, 6, 4, 5, 5, 6, 6, 6, 7, 7, 7, 9, 10, 10, 12, 12, 11, 11, 12, 1, 2, 2, 3, 4, 5, 5, 5, 5, 5, 5, 4, 5, 5, 5, 5, 5, 9, 10, 10, 11, 11, 12, 2, 4, 5, 5, 5, 5, 5, 5, 5, 5, 4, 5, 5, 5, 5, 5, 5, 5, 9, 9, 9, 10, 12, 1, 2, 4, 6, 6, 6, 6, 6, 6, 4, 5, 5, 5, 5, 9, 10, 10, 12, 11, 12, 1, 1, 2, 4, 5, 6, 6, 6, 6, 6, 4, 5, 5, 9, 10, 10, 12, 11, 12]
Y_pred:
[ 1  1  1  3  4  5  4  4  3  4  5  5  5  3  3  9  9 12 11 13  4  5  5  5  4
  5  5  5  4  5  5  5  4  5  5  5  1  1  4  5  4  6  7  6  7  4  4  4  4  6
  9 10 11  1  1  1  3  4  5  5  4  5  6  6  7  7  9 10 12 12 13 11  1  1  2
  4  5  5  5  4  6  4  6  6  3  3 13  6  7  6  4 10 12 11 12  1  1  1  2  2
  4  5  3  6  6  5  6  6  6  4  5  4  6  6  6  7  5  6  9  9 10 12  9 11 10
 11  1  1  2  3  4  4  5  3  3  4  4  4  5  5  3  3  6  4  9  9  9 11 11  2
  4  3  6  3 13  4  3  4  4  4  3  5  5  5  3  4 13  6 10  9  9 11  1  2  4
  3  5  6  6  6  6  4  5  5  5  6  4  9 12 12 11 12  1  1  2  4  5  6  7  7
  6  7  4  5  5  4 10 10 12 13 12]
test_Y len is 211，and Y_pred len is 211
**********************step=8**********************
0.611374407583
test_Y:
[1, 1, 1, 2, 4, 5, 5, 5, 5, 4, 5, 5, 5, 5, 5, 9, 10, 12, 11, 13, 4, 5, 5, 5, 4, 5, 5, 5, 4, 5, 5, 5, 4, 5, 5, 5, 1, 2, 4, 5, 5, 6, 6, 6, 6, 4, 5, 5, 4, 5, 1, 12, 12, 1, 1, 1, 1, 4, 5, 5, 4, 5, 6, 6, 7, 7, 9, 10, 12, 12, 11, 11, 1, 1, 2, 4, 5, 5, 5, 5, 5, 4, 6, 6, 6, 6, 6, 6, 7, 7, 9, 10, 11, 11, 12, 1, 1, 1, 2, 3, 4, 5, 5, 6, 6, 6, 6, 6, 6, 4, 5, 5, 6, 6, 6, 7, 7, 7, 9, 10, 10, 12, 12, 11, 11, 12, 1, 2, 2, 3, 4, 5, 5, 5, 5, 5, 5, 4, 5, 5, 5, 5, 5, 9, 10, 10, 11, 11, 12, 2, 4, 5, 5, 5, 5, 5, 5, 5, 5, 4, 5, 5, 5, 5, 5, 5, 5, 9, 9, 9, 10, 12, 1, 2, 4, 6, 6, 6, 6, 6, 6, 4, 5, 5, 5, 5, 9, 10, 10, 12, 11, 12, 1, 1, 2, 4, 5, 6, 6, 6, 6, 6, 4, 5, 5, 9, 10, 10, 12, 11, 12]
Y_pred:
[ 1  1  1  2  4  5  4  5  4  4  5  4  4  4  7  9 10 12 11 13  4  5  5  5  4
  5  5  5  4  5  5  5  4  5  5  5  1  1  4  5  2  6  6  4  7  4  4  4  4  5
  4  9 11  1  1  1  2  4  5  7  4  5  4  5  7  7  9 10 12  9 11 10  1  1  1
  4  5  5  5  4  4  4  4  6  5  5 10  6  7  7  9 10 10 12 11  1  2  1  2  2
  4  5  4  5  6  4  6  6  7  4  5  5  6  6  6  7  7  7  9 10 10 12 12 11 10
 11  1  1  2  4  4  4  5  4  4  4  4  4  5  4  2  4  5  9 10 13 11 11 11  1
  1  5  2  3 13  4  4  5  4  4  5  4  5  4  7  4  7  4  7  9 13 10  1  2  4
  4  1  6  6  6  4  4  6  5  4  5  9 10 10 12 12 12  1  1  2  4  4  5  4  6
  8  7  4  5  8  4 10 10 12 11 11]
test_Y len is 211，and Y_pred len is 211
**********************step=8**********************
0.725118483412
test_Y:
[1, 1, 1, 2, 4, 5, 5, 5, 5, 4, 5, 5, 5, 5, 5, 9, 10, 12, 11, 13, 4, 5, 5, 5, 4, 5, 5, 5, 4, 5, 5, 5, 4, 5, 5, 5, 1, 2, 4, 5, 5, 6, 6, 6, 6, 4, 5, 5, 4, 5, 1, 12, 12, 1, 1, 1, 1, 4, 5, 5, 4, 5, 6, 6, 7, 7, 9, 10, 12, 12, 11, 11, 1, 1, 2, 4, 5, 5, 5, 5, 5, 4, 6, 6, 6, 6, 6, 6, 7, 7, 9, 10, 11, 11, 12, 1, 1, 1, 2, 3, 4, 5, 5, 6, 6, 6, 6, 6, 6, 4, 5, 5, 6, 6, 6, 7, 7, 7, 9, 10, 10, 12, 12, 11, 11, 12, 1, 2, 2, 3, 4, 5, 5, 5, 5, 5, 5, 4, 5, 5, 5, 5, 5, 9, 10, 10, 11, 11, 12, 2, 4, 5, 5, 5, 5, 5, 5, 5, 5, 4, 5, 5, 5, 5, 5, 5, 5, 9, 9, 9, 10, 12, 1, 2, 4, 6, 6, 6, 6, 6, 6, 4, 5, 5, 5, 5, 9, 10, 10, 12, 11, 12, 1, 1, 2, 4, 5, 6, 6, 6, 6, 6, 4, 5, 5, 9, 10, 10, 12, 11, 12]
Y_pred:
[ 1  1  1  3  4  5  4  5  5  4  5  5  5  5  5 12 10 12 11 13  4  5  5  5  4
  5  5  5  4  5  5  5  4  5  5  5  1  1  4  4  5  6  6  6  7  4  5  5  4  6
  4  4 11  1  1  1  1  4  5  5  4  5  5  6  5  7  9 10 12 12 11 11  1  1  2
  4  5  5  5  5  5  4  5  6  6  6  4  6  6  7  6 10 12 12 11  1  1  1  2  3
  4  5  4  6  6  5  7  6  5  4  5  4  6  6  7  7  5  7  9 10 10 12 11 11 11
 11  1  1  2  3  4  5  5  5  5  5  7  4  5  5  5  4  5  4 10 10 11  7 11  1
  1  5  3  3 13  4  5  5  5  4  5  5  4  5  5  5  4  4  9  9  4  5  1  2  4
  3  3  6  5  6  5  4  4  5  5  3  4  9 12 12 11 12  1  1  2  4  5  5  6  6
  6  7  4  5  5  4 10 11 12 11 12]
test_Y len is 211，and Y_pred len is 211
**********************step=8**********************
0.658767772512
test_Y:
[1, 1, 1, 2, 4, 5, 5, 5, 5, 4, 5, 5, 5, 5, 5, 9, 10, 12, 11, 13, 4, 5, 5, 5, 4, 5, 5, 5, 4, 5, 5, 5, 4, 5, 5, 5, 1, 2, 4, 5, 5, 6, 6, 6, 6, 4, 5, 5, 4, 5, 1, 12, 12, 1, 1, 1, 1, 4, 5, 5, 4, 5, 6, 6, 7, 7, 9, 10, 12, 12, 11, 11, 1, 1, 2, 4, 5, 5, 5, 5, 5, 4, 6, 6, 6, 6, 6, 6, 7, 7, 9, 10, 11, 11, 12, 1, 1, 1, 2, 3, 4, 5, 5, 6, 6, 6, 6, 6, 6, 4, 5, 5, 6, 6, 6, 7, 7, 7, 9, 10, 10, 12, 12, 11, 11, 12, 1, 2, 2, 3, 4, 5, 5, 5, 5, 5, 5, 4, 5, 5, 5, 5, 5, 9, 10, 10, 11, 11, 12, 2, 4, 5, 5, 5, 5, 5, 5, 5, 5, 4, 5, 5, 5, 5, 5, 5, 5, 9, 9, 9, 10, 12, 1, 2, 4, 6, 6, 6, 6, 6, 6, 4, 5, 5, 5, 5, 9, 10, 10, 12, 11, 12, 1, 1, 2, 4, 5, 6, 6, 6, 6, 6, 4, 5, 5, 9, 10, 10, 12, 11, 12]
Y_pred:
[ 1  1  1  2  4  5  5  3  3  4  5  5  5  5  3  4 10 12 11 13  4  5  5  5  4
  5  5  5  4  5  5  5  4  5  5  5  1  1  4  4  5  6  3  7  7  4  5  5  7  1
 11  1 13  1  1  1  3  4  5  4  4  5  5  6  6  3  9 10 12 12 10 11  2  1  1
  4  5  5  5  6  5  4  5  6  6  3  1  6  6  7  9 10 12 11 12  1  1  2  2  3
  4  5  5  6  6  3  7  6  7  4  5  5  6  6  7  3  7  8  9 10 10 12 11 11 11
 12  1  1  2  3  4  4  5  3  5  3  5  4  5  5  5  5  3  9 10 10 12 11 12  2
  4  5  4  3 13  4  4  5  3  4  5  4  5  6  5  3  3  4 10  9  9 11  1  2  4
  5  5  5  7  3  3  4  6  5  1  8  9 10 12 12 11 12  1  1  1  4  5  6  3  3
  7  7  4  5  5  9 10 10 12 11 13]
test_Y len is 211，and Y_pred len is 211
**********************step=8**********************
0.649289099526
test_Y:
[1, 1, 1, 2, 4, 5, 5, 5, 5, 4, 5, 5, 5, 5, 5, 9, 10, 12, 11, 13, 4, 5, 5, 5, 4, 5, 5, 5, 4, 5, 5, 5, 4, 5, 5, 5, 1, 2, 4, 5, 5, 6, 6, 6, 6, 4, 5, 5, 4, 5, 1, 12, 12, 1, 1, 1, 1, 4, 5, 5, 4, 5, 6, 6, 7, 7, 9, 10, 12, 12, 11, 11, 1, 1, 2, 4, 5, 5, 5, 5, 5, 4, 6, 6, 6, 6, 6, 6, 7, 7, 9, 10, 11, 11, 12, 1, 1, 1, 2, 3, 4, 5, 5, 6, 6, 6, 6, 6, 6, 4, 5, 5, 6, 6, 6, 7, 7, 7, 9, 10, 10, 12, 12, 11, 11, 12, 1, 2, 2, 3, 4, 5, 5, 5, 5, 5, 5, 4, 5, 5, 5, 5, 5, 9, 10, 10, 11, 11, 12, 2, 4, 5, 5, 5, 5, 5, 5, 5, 5, 4, 5, 5, 5, 5, 5, 5, 5, 9, 9, 9, 10, 12, 1, 2, 4, 6, 6, 6, 6, 6, 6, 4, 5, 5, 5, 5, 9, 10, 10, 12, 11, 12, 1, 1, 2, 4, 5, 6, 6, 6, 6, 6, 4, 5, 5, 9, 10, 10, 12, 11, 12]
Y_pred:
[ 1  2  1  2  4  5  5  3  5  4  5  4  4  7  5  9 10 12 11 13  4  5  5  5  4
  5  5  5  4  5  5  5  4  5  5  5  1  2  4  5  4  6  7  5  3  4  4  4  4  6
 10  2 11  4  1  1  4  4  5  6  4  5  6  6  7  7  9 10 12 11 11 11  1  1  1
  4  5  5  4  4 12  4  4  6  6  6  5  6  7  7 10 10  7 12 12  1  2  1  2  3
  4  5  5  6  6  6  7  6  7  4  5  5  6  4  6  4  7  7  9 10 10 12  9 11 13
 12  1  2  2  3  4  5  5  4  4  7  4  4  5  5  4  4  7 10 10  9 11  7 12  2
  4  3  4  3  5  4  4  4  7  4  4  5  5  4  7  4  4  4  5  9 13 11  1  2  4
  6  4  6  4  6  4  4  4  5  4  3  9  4 10 12 11 12  1  1  2  4  5  6  5  7
  6  4  4  5  5  4 10 10 12 12 13]
test_Y len is 211，and Y_pred len is 211
**********************step=8**********************
0.57345971564
test_Y:
[1, 1, 1, 2, 4, 5, 5, 5, 5, 4, 5, 5, 5, 5, 5, 9, 10, 12, 11, 13, 4, 5, 5, 5, 4, 5, 5, 5, 4, 5, 5, 5, 4, 5, 5, 5, 1, 2, 4, 5, 5, 6, 6, 6, 6, 4, 5, 5, 4, 5, 1, 12, 12, 1, 1, 1, 1, 4, 5, 5, 4, 5, 6, 6, 7, 7, 9, 10, 12, 12, 11, 11, 1, 1, 2, 4, 5, 5, 5, 5, 5, 4, 6, 6, 6, 6, 6, 6, 7, 7, 9, 10, 11, 11, 12, 1, 1, 1, 2, 3, 4, 5, 5, 6, 6, 6, 6, 6, 6, 4, 5, 5, 6, 6, 6, 7, 7, 7, 9, 10, 10, 12, 12, 11, 11, 12, 1, 2, 2, 3, 4, 5, 5, 5, 5, 5, 5, 4, 5, 5, 5, 5, 5, 9, 10, 10, 11, 11, 12, 2, 4, 5, 5, 5, 5, 5, 5, 5, 5, 4, 5, 5, 5, 5, 5, 5, 5, 9, 9, 9, 10, 12, 1, 2, 4, 6, 6, 6, 6, 6, 6, 4, 5, 5, 5, 5, 9, 10, 10, 12, 11, 12, 1, 1, 2, 4, 5, 6, 6, 6, 6, 6, 4, 5, 5, 9, 10, 10, 12, 11, 12]
Y_pred:
[ 1  2  1  3  4  5  4  6  6  4  5 13  5  6  5  9  9 11 11 13  4  5  5  5  4
  5  5  5  9  5  5  5  9  5  5  5  1  2  4  4  5  6  7  7  7  4  5  3  4  6
 11  1 11  1  1  1  1  4  5  6  4  5  5  7  7  7  9 10 12  4  4  7  4  1  2
  4  5  5  5  7  7  4  5  6  7  7  5  6  7  7  6 10  5 11 12  2  1  4  2  2
  4  5  4  6  6  7  7  6  7  4  5  5  6  6  7  7  7  7  9 10 10 12 11 11  9
 10  1  1  2  3  4  6  6  5  6  5  3  4  5  6  6  6  5  9  6  4  4 11 12  4
  4  5  2  3 13  4  4  5  7  4  5  4  5  5  6  3  4  4  4  9 11 12  1  2  4
  5  4  7  7  7  7  4  4  5  1  5  9 10 12 12 11 12  1  1  1  4 13  5  7  7
  7  7  4  5  5  4  9 10 12 11 13]
test_Y len is 211，and Y_pred len is 211
**********************step=8**********************
0.654028436019
test_Y:
[1, 1, 1, 2, 4, 5, 5, 5, 5, 4, 5, 5, 5, 5, 5, 9, 10, 12, 11, 13, 4, 5, 5, 5, 4, 5, 5, 5, 4, 5, 5, 5, 4, 5, 5, 5, 1, 2, 4, 5, 5, 6, 6, 6, 6, 4, 5, 5, 4, 5, 1, 12, 12, 1, 1, 1, 1, 4, 5, 5, 4, 5, 6, 6, 7, 7, 9, 10, 12, 12, 11, 11, 1, 1, 2, 4, 5, 5, 5, 5, 5, 4, 6, 6, 6, 6, 6, 6, 7, 7, 9, 10, 11, 11, 12, 1, 1, 1, 2, 3, 4, 5, 5, 6, 6, 6, 6, 6, 6, 4, 5, 5, 6, 6, 6, 7, 7, 7, 9, 10, 10, 12, 12, 11, 11, 12, 1, 2, 2, 3, 4, 5, 5, 5, 5, 5, 5, 4, 5, 5, 5, 5, 5, 9, 10, 10, 11, 11, 12, 2, 4, 5, 5, 5, 5, 5, 5, 5, 5, 4, 5, 5, 5, 5, 5, 5, 5, 9, 9, 9, 10, 12, 1, 2, 4, 6, 6, 6, 6, 6, 6, 4, 5, 5, 5, 5, 9, 10, 10, 12, 11, 12, 1, 1, 2, 4, 5, 6, 6, 6, 6, 6, 4, 5, 5, 9, 10, 10, 12, 11, 12]
Y_pred:
[ 1  1  1  2  4  5  4  3  5  4  5  4  4  5  7 12 10  9  4 13  4  5  5  5  4
  5  5  5  4  5  5  5  4  5  5  5  1  2  4  4  4  6  7  6  7  4  4  3  4  1
  4 11 13  1  1  1  2  4  5  5  4  5  6  6  6  7  9 10 12  9 13 11  1  1  2
  4  5  5  5  4  5  4  6  6  6  7  6  6  7  7  4 10  4 11 11  1  1  1  2  3
  4  5  4  6  6  5  6  6  6  4  5  5  6  6  6  5  7  6  9 10 10 12 11 11 10
 12  1  1  1  3  4  4  5  4  5  4  3  4  4  5  6  3  4  9 10 10  9 11 11  2
  1  3  3  3 13  4  4  4  5  4  5  5  5  3  5  4  4  4 13  9 11 11  1  2  4
  6  4  6  7  6  5  4  6  3  4  5  9  9 12 12 13 12  1  1  2  4  5  5  7  6
  6  7  4  5  5  4 10 10 12 11 12]
test_Y len is 211，and Y_pred len is 211
**********************step=8**********************
0.706161137441
test_Y:
[1, 1, 1, 2, 4, 5, 5, 5, 5, 4, 5, 5, 5, 5, 5, 9, 10, 12, 11, 13, 4, 5, 5, 5, 4, 5, 5, 5, 4, 5, 5, 5, 4, 5, 5, 5, 1, 2, 4, 5, 5, 6, 6, 6, 6, 4, 5, 5, 4, 5, 1, 12, 12, 1, 1, 1, 1, 4, 5, 5, 4, 5, 6, 6, 7, 7, 9, 10, 12, 12, 11, 11, 1, 1, 2, 4, 5, 5, 5, 5, 5, 4, 6, 6, 6, 6, 6, 6, 7, 7, 9, 10, 11, 11, 12, 1, 1, 1, 2, 3, 4, 5, 5, 6, 6, 6, 6, 6, 6, 4, 5, 5, 6, 6, 6, 7, 7, 7, 9, 10, 10, 12, 12, 11, 11, 12, 1, 2, 2, 3, 4, 5, 5, 5, 5, 5, 5, 4, 5, 5, 5, 5, 5, 9, 10, 10, 11, 11, 12, 2, 4, 5, 5, 5, 5, 5, 5, 5, 5, 4, 5, 5, 5, 5, 5, 5, 5, 9, 9, 9, 10, 12, 1, 2, 4, 6, 6, 6, 6, 6, 6, 4, 5, 5, 5, 5, 9, 10, 10, 12, 11, 12, 1, 1, 2, 4, 5, 6, 6, 6, 6, 6, 4, 5, 5, 9, 10, 10, 12, 11, 12]
Y_pred:
[ 1  1  1  1  4  5  4  5  5  4  5  5  5  5  4  9 10 11 11 13  4  5  5  5  4
  5  5  5  4  5  5  5  4  5  5  5  1  1  4  4  4  6  6  6  6  4  5  5  4  6
  9 10 13  1  1  1  1  4  5  5  4  5  5  6  6  7  7 10 12 11  9 11  1  1  2
  4  5  5  5  4  6  4  4  6  6  6  9  6  7  7  9 10  5 10 11  1  1  1  1  2
  4  3  4  5  6  6  6  6  5  4  5  4  6  6  6  7  7  7  9 10 10 12 11 11 11
 11  1  1  2  4  5  5  5  6  5  4  4  4  5  5  5  5  4  9 10  9 11 10 11  2
  4  1  5  3 13  4  5  5  5  4  5  4  4  7  5  4  4  9 10 10 10 10  1  2  4
  6  6  6  6  6  6  4  4  5  4  8  9 10 12 12 11 12  1  1  2  4  4  6  6  5
  6  7  4  5  5  9 10 10 12 11 13]
test_Y len is 211，and Y_pred len is 211
**********************step=8**********************
0.630331753555
test_Y:
[1, 1, 1, 2, 4, 5, 5, 5, 5, 4, 5, 5, 5, 5, 5, 9, 10, 12, 11, 13, 4, 5, 5, 5, 4, 5, 5, 5, 4, 5, 5, 5, 4, 5, 5, 5, 1, 2, 4, 5, 5, 6, 6, 6, 6, 4, 5, 5, 4, 5, 1, 12, 12, 1, 1, 1, 1, 4, 5, 5, 4, 5, 6, 6, 7, 7, 9, 10, 12, 12, 11, 11, 1, 1, 2, 4, 5, 5, 5, 5, 5, 4, 6, 6, 6, 6, 6, 6, 7, 7, 9, 10, 11, 11, 12, 1, 1, 1, 2, 3, 4, 5, 5, 6, 6, 6, 6, 6, 6, 4, 5, 5, 6, 6, 6, 7, 7, 7, 9, 10, 10, 12, 12, 11, 11, 12, 1, 2, 2, 3, 4, 5, 5, 5, 5, 5, 5, 4, 5, 5, 5, 5, 5, 9, 10, 10, 11, 11, 12, 2, 4, 5, 5, 5, 5, 5, 5, 5, 5, 4, 5, 5, 5, 5, 5, 5, 5, 9, 9, 9, 10, 12, 1, 2, 4, 6, 6, 6, 6, 6, 6, 4, 5, 5, 5, 5, 9, 10, 10, 12, 11, 12, 1, 1, 2, 4, 5, 6, 6, 6, 6, 6, 4, 5, 5, 9, 10, 10, 12, 11, 12]
Y_pred:
[ 1  1  1  1  4  5  5  5  6  4  5  5  5  5  3  4 10 12 11 13  4  5  5  5  4
  5  5  5  4  5  5  5  4  5  5  5  1  1  1  4  4  6  6  3  7  4  4  5  4  6
 12 11 12  1  1  1  2  4  5  7  4  5  6  6  7  7  9 10 12 12 11 11  1  1  1
  4  5  5  5  5  4  4  6  6  6  6  7  6  6  7  4 10  5 10 13  1  1  1  1  3
  4  3  4  6  6  5  7  6  7  4  5  5  6  6  7  6  5  7  4  4 10 12  4 11 12
 12  1  1  2  3  4  4  6  7  4  4  4  4  5  7  6  4  5  4  9 10  4 11 12  1
  3  3  2  3 13  4  4  3  3  4  3  5  3  7  5  3  5  5  9  9  4 12  1  2  4
  6 13  6  7  5  6  4  5  5  4  5  9 10 12 12 12 12  1  1  2  4  5  5  6 13
  7  6  4  5  5  5 10 12 12 11 13]
test_Y len is 211，and Y_pred len is 211
**********************step=8**********************
0.710900473934
test_Y:
[1, 1, 1, 2, 4, 5, 5, 5, 5, 4, 5, 5, 5, 5, 5, 9, 10, 12, 11, 13, 4, 5, 5, 5, 4, 5, 5, 5, 4, 5, 5, 5, 4, 5, 5, 5, 1, 2, 4, 5, 5, 6, 6, 6, 6, 4, 5, 5, 4, 5, 1, 12, 12, 1, 1, 1, 1, 4, 5, 5, 4, 5, 6, 6, 7, 7, 9, 10, 12, 12, 11, 11, 1, 1, 2, 4, 5, 5, 5, 5, 5, 4, 6, 6, 6, 6, 6, 6, 7, 7, 9, 10, 11, 11, 12, 1, 1, 1, 2, 3, 4, 5, 5, 6, 6, 6, 6, 6, 6, 4, 5, 5, 6, 6, 6, 7, 7, 7, 9, 10, 10, 12, 12, 11, 11, 12, 1, 2, 2, 3, 4, 5, 5, 5, 5, 5, 5, 4, 5, 5, 5, 5, 5, 9, 10, 10, 11, 11, 12, 2, 4, 5, 5, 5, 5, 5, 5, 5, 5, 4, 5, 5, 5, 5, 5, 5, 5, 9, 9, 9, 10, 12, 1, 2, 4, 6, 6, 6, 6, 6, 6, 4, 5, 5, 5, 5, 9, 10, 10, 12, 11, 12, 1, 1, 2, 4, 5, 6, 6, 6, 6, 6, 4, 5, 5, 9, 10, 10, 12, 11, 12]
Y_pred:
[ 1  1  1  3  4  5  5  5  5  4  5  4  5  5  5  9 11 12 12 13  4  5  5  5  4
  5  5  5  4  5  5  5  4  5  5  5  1  3  4  4  4  6  6  7  7  4  5  5  9  6
  9  3 13  1  1  1  4  4  5  5  4  5  6  6  6  7  9 10 12 12 11 11  1  1  1
  4  5  5  5  5  5  4  6  6  7  7  6  6  7  6  9 10 10 11 11  1  1  1  2  3
  4  5  5  6  6  6  6  6  6  4  5  4  6  6  6  7  7  7  9  9 10 12 11 11 13
 11  1  1  2  3  4  5  5  3  5  4  3  4  5  5  5  5 13  9  9  9 11  7 11  2
  3  3  3  3  5  4  4  5  3  4  4  5  4  5  5  4  4  4  9  9  4 13  1  2  4
  6  6  6  4  6  6  4  4  5  5  5  9  9 12 12 11 12  1  1  2  4  4  6  7  7
  6  6  4  5  5  4  9  9 12 11 13]
test_Y len is 211，and Y_pred len is 211
**********************step=8**********************
0.701421800948
test_Y:
[1, 1, 1, 2, 4, 5, 5, 5, 5, 4, 5, 5, 5, 5, 5, 9, 10, 12, 11, 13, 4, 5, 5, 5, 4, 5, 5, 5, 4, 5, 5, 5, 4, 5, 5, 5, 1, 2, 4, 5, 5, 6, 6, 6, 6, 4, 5, 5, 4, 5, 1, 12, 12, 1, 1, 1, 1, 4, 5, 5, 4, 5, 6, 6, 7, 7, 9, 10, 12, 12, 11, 11, 1, 1, 2, 4, 5, 5, 5, 5, 5, 4, 6, 6, 6, 6, 6, 6, 7, 7, 9, 10, 11, 11, 12, 1, 1, 1, 2, 3, 4, 5, 5, 6, 6, 6, 6, 6, 6, 4, 5, 5, 6, 6, 6, 7, 7, 7, 9, 10, 10, 12, 12, 11, 11, 12, 1, 2, 2, 3, 4, 5, 5, 5, 5, 5, 5, 4, 5, 5, 5, 5, 5, 9, 10, 10, 11, 11, 12, 2, 4, 5, 5, 5, 5, 5, 5, 5, 5, 4, 5, 5, 5, 5, 5, 5, 5, 9, 9, 9, 10, 12, 1, 2, 4, 6, 6, 6, 6, 6, 6, 4, 5, 5, 5, 5, 9, 10, 10, 12, 11, 12, 1, 1, 2, 4, 5, 6, 6, 6, 6, 6, 4, 5, 5, 9, 10, 10, 12, 11, 12]
Y_pred:
[ 1  2  1  2  4  5  5  5  3  4  5  5  3  5  5  4 10 11 11 13  4  5  5  5  4
  5  5  5  4  5  5  5  4  5  5  5  1  2  4  4  5  6  5  6  6  4  5  3  4  5
  4  1 11  1  1  1  2  4  5  5  4  5  5  6  6  6  9 10 12 10  5 12  1  1  2
  4  5  5  5  3  5  4  6  6  6  6  6  6  6  6 10 10 10 12 11  1  1  1  2  3
  4  4  5  6  6  5  6  6  6  4  5  4  6  6  6  6  6  7  9 10 10 12 11 11 13
 11  1  1  2  3  4  5  3  4  5  5  7  4  5  5  5  4  5 10 10  5 12  7 11  2
  4  3  5  3 13  4  5  5  5  4  5  5  5  3  5  5  7  7  7  9 13  5  1  2  4
  5 12  6  5  6  6  4  4  5  5  5  9  5 12 12 11 12  1  1  2  4  4  5  6  6
  6  6  4  5  5  9 10 10 12 13  5]
test_Y len is 211，and Y_pred len is 211
**********************step=8**********************
0.696682464455
test_Y:
[1, 1, 1, 2, 4, 5, 5, 5, 5, 4, 5, 5, 5, 5, 5, 9, 10, 12, 11, 13, 4, 5, 5, 5, 4, 5, 5, 5, 4, 5, 5, 5, 4, 5, 5, 5, 1, 2, 4, 5, 5, 6, 6, 6, 6, 4, 5, 5, 4, 5, 1, 12, 12, 1, 1, 1, 1, 4, 5, 5, 4, 5, 6, 6, 7, 7, 9, 10, 12, 12, 11, 11, 1, 1, 2, 4, 5, 5, 5, 5, 5, 4, 6, 6, 6, 6, 6, 6, 7, 7, 9, 10, 11, 11, 12, 1, 1, 1, 2, 3, 4, 5, 5, 6, 6, 6, 6, 6, 6, 4, 5, 5, 6, 6, 6, 7, 7, 7, 9, 10, 10, 12, 12, 11, 11, 12, 1, 2, 2, 3, 4, 5, 5, 5, 5, 5, 5, 4, 5, 5, 5, 5, 5, 9, 10, 10, 11, 11, 12, 2, 4, 5, 5, 5, 5, 5, 5, 5, 5, 4, 5, 5, 5, 5, 5, 5, 5, 9, 9, 9, 10, 12, 1, 2, 4, 6, 6, 6, 6, 6, 6, 4, 5, 5, 5, 5, 9, 10, 10, 12, 11, 12, 1, 1, 2, 4, 5, 6, 6, 6, 6, 6, 4, 5, 5, 9, 10, 10, 12, 11, 12]
Y_pred:
[ 1  1  1  2  4  5  5  5  6  4  5  3  5  5  3  9 10 11 11 13  4  5  5  5  4
  5  5  5  4  5  5  5  4  5  5  5  1  3  4  4  4  6  6  3  6  4  5  3  4  6
  4  9 11  1  1  1  2  4  5  5  4  5  6  5  5  4  9 10 12 12 12 11  1  1  2
  4  4  5  5  2  5  4  4  6  6  6  4  6  7  5  9 10  5 10 11  1  1  1  2  3
  4  4  4  6  6  7  6  6  3  4  5  5  6  6  6  7  7  7  9 10 10 12 11 11 10
 12  1  1  2  3  4  4  5  5  5  4  5  4  3  5  5  5  3  9 10 10  9 11 11  2
  2  3  2  3 13  4  4  4  3  4  4  5  4  5  5  5  4  9 10  9 13 12  1  2  4
  6  6  6  3  6  6  4  4  5  5  4  9 10 12 12 12 12  1  1  2  4  4  6  6  7
  3  7  4  5  5  4 10 10 12  4 12]
test_Y len is 211，and Y_pred len is 211
**********************step=8**********************
0.691943127962
test_Y:
[1, 1, 1, 2, 4, 5, 5, 5, 5, 4, 5, 5, 5, 5, 5, 9, 10, 12, 11, 13, 4, 5, 5, 5, 4, 5, 5, 5, 4, 5, 5, 5, 4, 5, 5, 5, 1, 2, 4, 5, 5, 6, 6, 6, 6, 4, 5, 5, 4, 5, 1, 12, 12, 1, 1, 1, 1, 4, 5, 5, 4, 5, 6, 6, 7, 7, 9, 10, 12, 12, 11, 11, 1, 1, 2, 4, 5, 5, 5, 5, 5, 4, 6, 6, 6, 6, 6, 6, 7, 7, 9, 10, 11, 11, 12, 1, 1, 1, 2, 3, 4, 5, 5, 6, 6, 6, 6, 6, 6, 4, 5, 5, 6, 6, 6, 7, 7, 7, 9, 10, 10, 12, 12, 11, 11, 12, 1, 2, 2, 3, 4, 5, 5, 5, 5, 5, 5, 4, 5, 5, 5, 5, 5, 9, 10, 10, 11, 11, 12, 2, 4, 5, 5, 5, 5, 5, 5, 5, 5, 4, 5, 5, 5, 5, 5, 5, 5, 9, 9, 9, 10, 12, 1, 2, 4, 6, 6, 6, 6, 6, 6, 4, 5, 5, 5, 5, 9, 10, 10, 12, 11, 12, 1, 1, 2, 4, 5, 6, 6, 6, 6, 6, 4, 5, 5, 9, 10, 10, 12, 11, 12]
Y_pred:
[ 1  1  1  2  4  5  4  4  5  4  5  5  5  5  5  9 10 11 11 13  4  5  5  5  4
  5  5  5  4  5  5  5  4  5  5  5  1  1  4  4  5  6  6  4  4  4  4  4  7  6
 11 11 11  1  1  1  2  4  5  4  4  5  6  6  4  6  9 10 12 11 11 11  1  1  2
  4  5  5  5  4  5  4  6  6  4  6  5  6  4  5  9 10 11 11 11  1  1  1  2  3
  4  5  4  6  6  4  6  6  6  4  5  4  6  6  6  7  7  5  9  9 10 12 11 11 10
 12  1  1  2  3  4  4  5  4  5  4  5  4  5  4  4  4  5  9  9  9 11 11 11  1
  1  5  1  1 13  4  5  4  4  4  4  4  4  5  5  5  3  9  9  9  9 12  1  2  4
  6  2  6  3  6  6  4  5  5  5  5  9  9 12 12 11 12  1  1  2  4  4  6  6  6
  7  5  4  5  5  4 10 10 12 13 13]
test_Y len is 211，and Y_pred len is 211
**********************step=8**********************
0.715639810427
test_Y:
[1, 1, 1, 2, 4, 5, 5, 5, 5, 4, 5, 5, 5, 5, 5, 9, 10, 12, 11, 13, 4, 5, 5, 5, 4, 5, 5, 5, 4, 5, 5, 5, 4, 5, 5, 5, 1, 2, 4, 5, 5, 6, 6, 6, 6, 4, 5, 5, 4, 5, 1, 12, 12, 1, 1, 1, 1, 4, 5, 5, 4, 5, 6, 6, 7, 7, 9, 10, 12, 12, 11, 11, 1, 1, 2, 4, 5, 5, 5, 5, 5, 4, 6, 6, 6, 6, 6, 6, 7, 7, 9, 10, 11, 11, 12, 1, 1, 1, 2, 3, 4, 5, 5, 6, 6, 6, 6, 6, 6, 4, 5, 5, 6, 6, 6, 7, 7, 7, 9, 10, 10, 12, 12, 11, 11, 12, 1, 2, 2, 3, 4, 5, 5, 5, 5, 5, 5, 4, 5, 5, 5, 5, 5, 9, 10, 10, 11, 11, 12, 2, 4, 5, 5, 5, 5, 5, 5, 5, 5, 4, 5, 5, 5, 5, 5, 5, 5, 9, 9, 9, 10, 12, 1, 2, 4, 6, 6, 6, 6, 6, 6, 4, 5, 5, 5, 5, 9, 10, 10, 12, 11, 12, 1, 1, 2, 4, 5, 6, 6, 6, 6, 6, 4, 5, 5, 9, 10, 10, 12, 11, 12]
Y_pred:
[ 1  2  1  2  4  5  4  6  5  4  5  4  5  5  5 12 10 12 11 13  4  5  5  5  4
  5  5  5  4  5  5  5  4  5  5  5  1  2  4  3  6  6  6  6  6  4  4  3  4  6
 13  4 13  1  1  1  1  4  5  5  4  5  5  7  7  7  1 10 12 12 11  7  4  1  5
  4  5  5  5  6  3  4  5  6  6  6  1  6  7  7  9 10 13 12 12  1  2  2  2  4
  4  5  4  5  6  6  6  6  6  4  5  5  6  4  6  7  7  7  9 10 10 12 11 11 13
 12  1  1  4  3  4  4  5  3  5  5  5  4  5  5  5  5  7  9 10 10 11 13 12  2
  4  5  5  6  5  4  1  5  6  4  5  5  6  5  5  5  7  4  9  9 13 11  4  2  4
  6  1  6  5  6  6  4  4  5  6  5  9 10 12 12 11 12  1  2  2  4  4  5  6  6
  5  7  4  5  5  9 10 10 12 11  7]
test_Y len is 211，and Y_pred len is 211
**********************step=8**********************
0.663507109005
test_Y:
[1, 1, 1, 2, 4, 5, 5, 5, 5, 4, 5, 5, 5, 5, 5, 9, 10, 12, 11, 13, 4, 5, 5, 5, 4, 5, 5, 5, 4, 5, 5, 5, 4, 5, 5, 5, 1, 2, 4, 5, 5, 6, 6, 6, 6, 4, 5, 5, 4, 5, 1, 12, 12, 1, 1, 1, 1, 4, 5, 5, 4, 5, 6, 6, 7, 7, 9, 10, 12, 12, 11, 11, 1, 1, 2, 4, 5, 5, 5, 5, 5, 4, 6, 6, 6, 6, 6, 6, 7, 7, 9, 10, 11, 11, 12, 1, 1, 1, 2, 3, 4, 5, 5, 6, 6, 6, 6, 6, 6, 4, 5, 5, 6, 6, 6, 7, 7, 7, 9, 10, 10, 12, 12, 11, 11, 12, 1, 2, 2, 3, 4, 5, 5, 5, 5, 5, 5, 4, 5, 5, 5, 5, 5, 9, 10, 10, 11, 11, 12, 2, 4, 5, 5, 5, 5, 5, 5, 5, 5, 4, 5, 5, 5, 5, 5, 5, 5, 9, 9, 9, 10, 12, 1, 2, 4, 6, 6, 6, 6, 6, 6, 4, 5, 5, 5, 5, 9, 10, 10, 12, 11, 12, 1, 1, 2, 4, 5, 6, 6, 6, 6, 6, 4, 5, 5, 9, 10, 10, 12, 11, 12]
Y_pred:
[ 1  2  1  3  4  5  5  5  4  4  5  5  6  5  5  9 10 12 11 13  4  5  5  5  4
  5  5  5  4  5  5  5  4  5  5  5  1  1  4  3  4  6  6  5  6  4  5  4  4  6
  9  4 10  1  1  1  2  4  5  6  4  5  5  6  5  7  9 10 12  7 11 11  1  1  2
  4  5  5  5  4  6  4  4  6  6  6  5  6  6  7  9 10 12 12 11  1  1  1  1  2
  4  4  5  6  6  6  6  6  5  4  5  5  6  6  6  7 10  7  9 11 10 12 11 11 10
 11  1  1  2  3  4  5  5  4  6  3  6  5  5  5  5  5  4  9  6 10  7 12 11  1
  4  3  4  5 13  4  5  5  3  4  5  5  4  5  2  5  4  9  5  9 11 11  1  2  1
 13  5  6  6  6  5  4  5  5  5  5  9 11 12 12 12 12  1  1  2  4  5  6  3  5
  7  7  4  5  4  9 10 10 12 11 13]
test_Y len is 211，and Y_pred len is 211
**********************step=8**********************
0.668246445498
test_Y:
[1, 1, 1, 2, 4, 5, 5, 5, 5, 4, 5, 5, 5, 5, 5, 9, 10, 12, 11, 13, 4, 5, 5, 5, 4, 5, 5, 5, 4, 5, 5, 5, 4, 5, 5, 5, 1, 2, 4, 5, 5, 6, 6, 6, 6, 4, 5, 5, 4, 5, 1, 12, 12, 1, 1, 1, 1, 4, 5, 5, 4, 5, 6, 6, 7, 7, 9, 10, 12, 12, 11, 11, 1, 1, 2, 4, 5, 5, 5, 5, 5, 4, 6, 6, 6, 6, 6, 6, 7, 7, 9, 10, 11, 11, 12, 1, 1, 1, 2, 3, 4, 5, 5, 6, 6, 6, 6, 6, 6, 4, 5, 5, 6, 6, 6, 7, 7, 7, 9, 10, 10, 12, 12, 11, 11, 12, 1, 2, 2, 3, 4, 5, 5, 5, 5, 5, 5, 4, 5, 5, 5, 5, 5, 9, 10, 10, 11, 11, 12, 2, 4, 5, 5, 5, 5, 5, 5, 5, 5, 4, 5, 5, 5, 5, 5, 5, 5, 9, 9, 9, 10, 12, 1, 2, 4, 6, 6, 6, 6, 6, 6, 4, 5, 5, 5, 5, 9, 10, 10, 12, 11, 12, 1, 1, 2, 4, 5, 6, 6, 6, 6, 6, 4, 5, 5, 9, 10, 10, 12, 11, 12]
Y_pred:
[ 1  2  1  3  4  5  4  5  5  4  5  5  6  4  4  9 10 12 11 13  4  5  5  5  4
  5  5  5  4  5  5  5  4  5  5  5  1  3  4  4  4  6  6  6  6  4  5  6  4  6
  9  1 11  1  1  1  3  4  5  6  4  5  6  6  6  6  9 10 12 12 11 11  4  1  2
  4 13  5  5  4  6  4  4  6  6  6  5  6  6 10  9 10  5 11 12  1  1  1  2  3
  4  4  4  6  6  6  6  6  7  4  5  5  6 12  6  7  7  6  9 10 10 12 11 11 11
 12  1  1  2  3  4  4  5  4  6  4  4  3  4  3  5  4  4  9 10 10 11 11 12  2
  4  2  2  3 13  4  6  4  5  4  4  5  5  3  5  5  4  9  6  9 11 11  1  2  4
  6  6  6  5  6  5  4  4  6  6  6  9  9 12 12 12 12  1  1  2  4  4  5  6  6
  6  6  4  5  4  9 10 10 12 11 11]
test_Y len is 211，and Y_pred len is 211
**********************step=8**********************
0.706161137441
test_Y:
[1, 1, 1, 2, 4, 5, 5, 5, 5, 4, 5, 5, 5, 5, 5, 9, 10, 12, 11, 13, 4, 5, 5, 5, 4, 5, 5, 5, 4, 5, 5, 5, 4, 5, 5, 5, 1, 2, 4, 5, 5, 6, 6, 6, 6, 4, 5, 5, 4, 5, 1, 12, 12, 1, 1, 1, 1, 4, 5, 5, 4, 5, 6, 6, 7, 7, 9, 10, 12, 12, 11, 11, 1, 1, 2, 4, 5, 5, 5, 5, 5, 4, 6, 6, 6, 6, 6, 6, 7, 7, 9, 10, 11, 11, 12, 1, 1, 1, 2, 3, 4, 5, 5, 6, 6, 6, 6, 6, 6, 4, 5, 5, 6, 6, 6, 7, 7, 7, 9, 10, 10, 12, 12, 11, 11, 12, 1, 2, 2, 3, 4, 5, 5, 5, 5, 5, 5, 4, 5, 5, 5, 5, 5, 9, 10, 10, 11, 11, 12, 2, 4, 5, 5, 5, 5, 5, 5, 5, 5, 4, 5, 5, 5, 5, 5, 5, 5, 9, 9, 9, 10, 12, 1, 2, 4, 6, 6, 6, 6, 6, 6, 4, 5, 5, 5, 5, 9, 10, 10, 12, 11, 12, 1, 1, 2, 4, 5, 6, 6, 6, 6, 6, 4, 5, 5, 9, 10, 10, 12, 11, 12]
Y_pred:
[ 1  1  1  2  4  5  5  5  5  4  5  5  5  5  5  9 10 12 13 13  4  5  5  5  4
  5  5  5  4  5  5  5  4  5  5  5  1  1  4  5  5  6  7  7  5  4  5  5  4  6
 12  4  4  1  1  1  1  4  5  5  4  5  5  4  7  7  9 10 12 12 11 11  1  1  1
  4  5  5  5  4  5  4  7  6  7  7  2  6  7  7  9 10 12 10 11  1  1  1  2  3
  4  5  4  5  7  5  7  6  5  4  5  5  6  6  7  7  7  7  9 10 10 12 12 11 13
 10  1  1  2  3  4  5  5  4  5  4  5  4  4  5  5  5  5  9  9 10 10 11 11  2
  4  3  1  5 13  4  3  3  5  4  4  5  5  5  5  4  5  9 10  9 12  5  1  2  4
  5  7  6  7  7  4  4  6  5  5  5  9  9 10 12 12 12  1  1  1  4  5  6  4  7
  3  5  4  5  5  9 10 10 12 12 13]
test_Y len is 211，and Y_pred len is 211
**********************step=8**********************
0.668246445498
test_Y:
[1, 1, 1, 2, 4, 5, 5, 5, 5, 4, 5, 5, 5, 5, 5, 9, 10, 12, 11, 13, 4, 5, 5, 5, 4, 5, 5, 5, 4, 5, 5, 5, 4, 5, 5, 5, 1, 2, 4, 5, 5, 6, 6, 6, 6, 4, 5, 5, 4, 5, 1, 12, 12, 1, 1, 1, 1, 4, 5, 5, 4, 5, 6, 6, 7, 7, 9, 10, 12, 12, 11, 11, 1, 1, 2, 4, 5, 5, 5, 5, 5, 4, 6, 6, 6, 6, 6, 6, 7, 7, 9, 10, 11, 11, 12, 1, 1, 1, 2, 3, 4, 5, 5, 6, 6, 6, 6, 6, 6, 4, 5, 5, 6, 6, 6, 7, 7, 7, 9, 10, 10, 12, 12, 11, 11, 12, 1, 2, 2, 3, 4, 5, 5, 5, 5, 5, 5, 4, 5, 5, 5, 5, 5, 9, 10, 10, 11, 11, 12, 2, 4, 5, 5, 5, 5, 5, 5, 5, 5, 4, 5, 5, 5, 5, 5, 5, 5, 9, 9, 9, 10, 12, 1, 2, 4, 6, 6, 6, 6, 6, 6, 4, 5, 5, 5, 5, 9, 10, 10, 12, 11, 12, 1, 1, 2, 4, 5, 6, 6, 6, 6, 6, 4, 5, 5, 9, 10, 10, 12, 11, 12]
Y_pred:
[ 1  1  1  2  4  5  4  5  5  4  5  5  5  5  3  9 10 12 11 13  4  5  5  5  4
  5  5  5  9  5  5  5  9  5  5  5  1  1  4  4 13  6  7  7  7  4  7  4  9  6
  9 12 11  1  1  1  2  4  5  4  4  5  3  6  6  7  9 10 12 12 11 11  1  1  2
  4  4  5  5  7  7  4  4  6  3  6 10  6  6  7  9 10 11 10 12  1  1  1  2  3
  4  4  3  7  6  5  7  6  7  4  5  4  6  6  7  7  7  7  9  9 10 12 11 11 11
 12  1  1  2  3  4  5  3  5  5  5  7  4  5  5  5  5  5  9 10 10 12 12 11  2
  4  6  5  3 13  4  4  4  3  4  5  5  5  5  5  5  7  9 10  9 11 11  1  2  4
  5  4  6  8  7  7  4  1  4  5  5  9 10 10 12 12 12  1  1  2  4  4  6  6  7
  7  7  4  5  4  9  9 10 12 11 13]
test_Y len is 211，and Y_pred len is 211
**********************step=8**********************
0.668246445498
test_Y:
[1, 1, 1, 2, 4, 5, 5, 5, 5, 4, 5, 5, 5, 5, 5, 9, 10, 12, 11, 13, 4, 5, 5, 5, 4, 5, 5, 5, 4, 5, 5, 5, 4, 5, 5, 5, 1, 2, 4, 5, 5, 6, 6, 6, 6, 4, 5, 5, 4, 5, 1, 12, 12, 1, 1, 1, 1, 4, 5, 5, 4, 5, 6, 6, 7, 7, 9, 10, 12, 12, 11, 11, 1, 1, 2, 4, 5, 5, 5, 5, 5, 4, 6, 6, 6, 6, 6, 6, 7, 7, 9, 10, 11, 11, 12, 1, 1, 1, 2, 3, 4, 5, 5, 6, 6, 6, 6, 6, 6, 4, 5, 5, 6, 6, 6, 7, 7, 7, 9, 10, 10, 12, 12, 11, 11, 12, 1, 2, 2, 3, 4, 5, 5, 5, 5, 5, 5, 4, 5, 5, 5, 5, 5, 9, 10, 10, 11, 11, 12, 2, 4, 5, 5, 5, 5, 5, 5, 5, 5, 4, 5, 5, 5, 5, 5, 5, 5, 9, 9, 9, 10, 12, 1, 2, 4, 6, 6, 6, 6, 6, 6, 4, 5, 5, 5, 5, 9, 10, 10, 12, 11, 12, 1, 1, 2, 4, 5, 6, 6, 6, 6, 6, 4, 5, 5, 9, 10, 10, 12, 11, 12]
Y_pred:
[ 1  1  1  3  4  5  4  5  5  4  5  4  5  5  4 12  9 12 11 13  4  5  5  5  4
  5  5  5  4  5  5  5  4  5  5  5  1  1  4  4  5  6  6  5  6  4  4  5  4  6
  9 12 11  1  1  1  2  4  5  3  4  5  6  7  6  6  4 10 12 12 11 11  1  1  2
  4  4  5  5  5  6  4  5  6  6  6 12  6  6  5  9 10  5 12 12  1  1  1  2  3
  4  4  6  6  6  4  5  6  5  4  5  4  6  6  6  4  4  7  9  9 10 12 12 11 12
 12  1  1  2  3  4  5  5  4  5  5  5  4  4  5  5  5  4  6  9  9 11 11 12  2
  3  3  3  3 13  4  5  6  5  4  4  5  5  5  5  4  4  4 13  6 12 11  1  2  4
  5  4  6  6  6  5  4  4  5  5  5  9 10 12 12 11 12  1  1  2  4  4  5  6  6
  6  6  4  5  5  6 10 11 12  9 13]
test_Y len is 211，and Y_pred len is 211
**********************step=8**********************
0.767772511848
test_Y:
[1, 1, 1, 2, 4, 5, 5, 5, 5, 4, 5, 5, 5, 5, 5, 9, 10, 12, 11, 13, 4, 5, 5, 5, 4, 5, 5, 5, 4, 5, 5, 5, 4, 5, 5, 5, 1, 2, 4, 5, 5, 6, 6, 6, 6, 4, 5, 5, 4, 5, 1, 12, 12, 1, 1, 1, 1, 4, 5, 5, 4, 5, 6, 6, 7, 7, 9, 10, 12, 12, 11, 11, 1, 1, 2, 4, 5, 5, 5, 5, 5, 4, 6, 6, 6, 6, 6, 6, 7, 7, 9, 10, 11, 11, 12, 1, 1, 1, 2, 3, 4, 5, 5, 6, 6, 6, 6, 6, 6, 4, 5, 5, 6, 6, 6, 7, 7, 7, 9, 10, 10, 12, 12, 11, 11, 12, 1, 2, 2, 3, 4, 5, 5, 5, 5, 5, 5, 4, 5, 5, 5, 5, 5, 9, 10, 10, 11, 11, 12, 2, 4, 5, 5, 5, 5, 5, 5, 5, 5, 4, 5, 5, 5, 5, 5, 5, 5, 9, 9, 9, 10, 12, 1, 2, 4, 6, 6, 6, 6, 6, 6, 4, 5, 5, 5, 5, 9, 10, 10, 12, 11, 12, 1, 1, 2, 4, 5, 6, 6, 6, 6, 6, 4, 5, 5, 9, 10, 10, 12, 11, 12]
Y_pred:
[ 1  1  1  2  4  5  5  5  5  4  5  5  5  5  5 12  9 12 11 13  4  5  5  5  4
  5  5  5  4  5  5  5  4  5  5  5  1  3  4  5  5  6  6  6  6  9  5  5  4  5
  6  4 11  1  1  1  2  4  5  5  4  5  6  7  6  6  9 10 12 12 11 11  1  1  1
  4  5  5  5  4  5  4  5  6  6  6  5  6  6  7  4 10 12 12 12  1  1  1  1  3
  4  5  5  6  6  5  6  6  6  4  5  5  6  6  6  6  6  7  9  9 10 12 11 11 11
 11  1  1  2  3  4  5  5  5  5  4  4  4  5  5  5  5  5  9 10 11 11 11 12  2
  5  5  4  3 13  4  5  5  5  4  5  5  5  5  5  5  5  9  9  9 11 13  1  2  4
  6  4  6  6  7  6  4  4  5  5  6  9  9 12 12 11 12  1  1  1  4  5  5  6  6
  6  7  4  5  5  9  9  9 12 11 13]
test_Y len is 211，and Y_pred len is 211
**********************step=8**********************
0.725118483412
test_Y:
[1, 1, 1, 2, 4, 5, 5, 5, 5, 4, 5, 5, 5, 5, 5, 9, 10, 12, 11, 13, 4, 5, 5, 5, 4, 5, 5, 5, 4, 5, 5, 5, 4, 5, 5, 5, 1, 2, 4, 5, 5, 6, 6, 6, 6, 4, 5, 5, 4, 5, 1, 12, 12, 1, 1, 1, 1, 4, 5, 5, 4, 5, 6, 6, 7, 7, 9, 10, 12, 12, 11, 11, 1, 1, 2, 4, 5, 5, 5, 5, 5, 4, 6, 6, 6, 6, 6, 6, 7, 7, 9, 10, 11, 11, 12, 1, 1, 1, 2, 3, 4, 5, 5, 6, 6, 6, 6, 6, 6, 4, 5, 5, 6, 6, 6, 7, 7, 7, 9, 10, 10, 12, 12, 11, 11, 12, 1, 2, 2, 3, 4, 5, 5, 5, 5, 5, 5, 4, 5, 5, 5, 5, 5, 9, 10, 10, 11, 11, 12, 2, 4, 5, 5, 5, 5, 5, 5, 5, 5, 4, 5, 5, 5, 5, 5, 5, 5, 9, 9, 9, 10, 12, 1, 2, 4, 6, 6, 6, 6, 6, 6, 4, 5, 5, 5, 5, 9, 10, 10, 12, 11, 12, 1, 1, 2, 4, 5, 6, 6, 6, 6, 6, 4, 5, 5, 9, 10, 10, 12, 11, 12]
Y_pred:
[ 1  1  1  3  4  5  4  5  5  4  5  5  5  5  5  4 10 12 11 13  4  5  5  5  4
  5  5  5  4  5  5  5  4  5  5  5  1  1  4  4  4  6  6  6  5  4  5  5  4  6
 12  4 11  1  1  1  1  4  5  5  4  5  5  6  6  7  9 10 12 12 11 11  1  1  2
  4  5  5  5  4  5  4  6  6  6  6  7  6  8  3  9 10  5 11 11  1  1  1  2  1
  4  5  4  6  6  3  6  6  4  4  5  4  6  6  5  7  8  6  9 10 10 12 11 11 11
 12  1  1  2  3  4  4  5  5  5  4  5  4  5  5  5  5  5  9 10 10  4 11 11  1
  4  1  2  1 13  4  5  5  4  4  5  5  4  5  5  5  4  9  9  9 12 12  1  2  1
  6  4  6  8  3  6  4  4  5  5  5  9 10 12 12 12 12  1  1  2  4  4  5  6  3
  6  5  4  5 10  4  9 10 12 11 13]
test_Y len is 211，and Y_pred len is 211
**********************step=8**********************
0.635071090047
test_Y:
[1, 1, 1, 2, 4, 5, 5, 5, 5, 4, 5, 5, 5, 5, 5, 9, 10, 12, 11, 13, 4, 5, 5, 5, 4, 5, 5, 5, 4, 5, 5, 5, 4, 5, 5, 5, 1, 2, 4, 5, 5, 6, 6, 6, 6, 4, 5, 5, 4, 5, 1, 12, 12, 1, 1, 1, 1, 4, 5, 5, 4, 5, 6, 6, 7, 7, 9, 10, 12, 12, 11, 11, 1, 1, 2, 4, 5, 5, 5, 5, 5, 4, 6, 6, 6, 6, 6, 6, 7, 7, 9, 10, 11, 11, 12, 1, 1, 1, 2, 3, 4, 5, 5, 6, 6, 6, 6, 6, 6, 4, 5, 5, 6, 6, 6, 7, 7, 7, 9, 10, 10, 12, 12, 11, 11, 12, 1, 2, 2, 3, 4, 5, 5, 5, 5, 5, 5, 4, 5, 5, 5, 5, 5, 9, 10, 10, 11, 11, 12, 2, 4, 5, 5, 5, 5, 5, 5, 5, 5, 4, 5, 5, 5, 5, 5, 5, 5, 9, 9, 9, 10, 12, 1, 2, 4, 6, 6, 6, 6, 6, 6, 4, 5, 5, 5, 5, 9, 10, 10, 12, 11, 12, 1, 1, 2, 4, 5, 6, 6, 6, 6, 6, 4, 5, 5, 9, 10, 10, 12, 11, 12]
Y_pred:
[ 1  1  1  2  4  5  4  5  6  4  5  5  5  6  5  9 10 12 11 13  4  5  5  5  4
  5  5  5  9  5  5  5  9  5  5  5  1  1  4  4  5  6  6  7  6  4  5  5  7  6
  4  4 11  1  1  1  2  4  5  5  4  5  7 13  9  7  9 10 12  4 10 11  1  1  1
  4  5  5  5  5  5  4  5  6  6  6  5  6  7  7  9 10 12 11 11  1  1  1  2  3
  4  4  4  3  6  3  5  6  5  4  5  4  6  6  6  7  5  8  9 10 10 12 11 11 10
 12  1  1  2  3  4  4  5  6  6  3  7  4  5  5  6  6  5  9 10 10 10 11 11  1
  4  1  2  3 13  4  4  4  6  4  5  5  4  6  6  5  4  9 10  9 11 11  1  2  4
  5  1  6  8  6  4  4  6  3  1  5  9 10 12 12 11 12  1  1  2  4  3  5  3  3
  6  4  4  5  4  9 10 10 12 13  6]
test_Y len is 211，and Y_pred len is 211
**********************step=8**********************
0.744075829384
test_Y:
[1, 1, 1, 2, 4, 5, 5, 5, 5, 4, 5, 5, 5, 5, 5, 9, 10, 12, 11, 13, 4, 5, 5, 5, 4, 5, 5, 5, 4, 5, 5, 5, 4, 5, 5, 5, 1, 2, 4, 5, 5, 6, 6, 6, 6, 4, 5, 5, 4, 5, 1, 12, 12, 1, 1, 1, 1, 4, 5, 5, 4, 5, 6, 6, 7, 7, 9, 10, 12, 12, 11, 11, 1, 1, 2, 4, 5, 5, 5, 5, 5, 4, 6, 6, 6, 6, 6, 6, 7, 7, 9, 10, 11, 11, 12, 1, 1, 1, 2, 3, 4, 5, 5, 6, 6, 6, 6, 6, 6, 4, 5, 5, 6, 6, 6, 7, 7, 7, 9, 10, 10, 12, 12, 11, 11, 12, 1, 2, 2, 3, 4, 5, 5, 5, 5, 5, 5, 4, 5, 5, 5, 5, 5, 9, 10, 10, 11, 11, 12, 2, 4, 5, 5, 5, 5, 5, 5, 5, 5, 4, 5, 5, 5, 5, 5, 5, 5, 9, 9, 9, 10, 12, 1, 2, 4, 6, 6, 6, 6, 6, 6, 4, 5, 5, 5, 5, 9, 10, 10, 12, 11, 12, 1, 1, 2, 4, 5, 6, 6, 6, 6, 6, 4, 5, 5, 9, 10, 10, 12, 11, 12]
Y_pred:
[ 1  1  1  2  4  5  4  4  5  4  5  5  4  4  5  9 10 12 11 13  4  5  5  5  4
  5  5  5  4  5  5  5  4  5  5  5  1  2  4  5  4  6  6  6  6  4  5  4  4  6
  4  4 11  1  1  1  1  4  5  5  4  5  6  6  6  4  9 10 12 12 11 11  1  1  2
  4  5  5  5  4  5  4  6  6  6  6 10  6  6  4  9 10 12 11 11  1  1  1  1  3
  4  5  5  5  6  6  6  6  6  4  5  5  6  6  6  6  4  8  9 10 10 12  9 11 11
 12  1  1  2  3  4  5  5  4  4  4  5  4  5  5  3  4  5  9  9 10 11 11 11  1
  3  3  2  3 13  4  5  5  5  4  5  4  5  5  4  4  3  9  9  9 11 11  1  2  4
  6  4  4  6  6  4  4  5  5  5  4  9  9 12 12 11 12  1  1  2  4  4  6  6  6
  6  6  4  5  4  9 10 10 12 11 13]
test_Y len is 211，and Y_pred len is 211
**********************step=8**********************
0.630331753555
test_Y:
[1, 1, 1, 2, 4, 5, 5, 5, 5, 4, 5, 5, 5, 5, 5, 9, 10, 12, 11, 13, 4, 5, 5, 5, 4, 5, 5, 5, 4, 5, 5, 5, 4, 5, 5, 5, 1, 2, 4, 5, 5, 6, 6, 6, 6, 4, 5, 5, 4, 5, 1, 12, 12, 1, 1, 1, 1, 4, 5, 5, 4, 5, 6, 6, 7, 7, 9, 10, 12, 12, 11, 11, 1, 1, 2, 4, 5, 5, 5, 5, 5, 4, 6, 6, 6, 6, 6, 6, 7, 7, 9, 10, 11, 11, 12, 1, 1, 1, 2, 3, 4, 5, 5, 6, 6, 6, 6, 6, 6, 4, 5, 5, 6, 6, 6, 7, 7, 7, 9, 10, 10, 12, 12, 11, 11, 12, 1, 2, 2, 3, 4, 5, 5, 5, 5, 5, 5, 4, 5, 5, 5, 5, 5, 9, 10, 10, 11, 11, 12, 2, 4, 5, 5, 5, 5, 5, 5, 5, 5, 4, 5, 5, 5, 5, 5, 5, 5, 9, 9, 9, 10, 12, 1, 2, 4, 6, 6, 6, 6, 6, 6, 4, 5, 5, 5, 5, 9, 10, 10, 12, 11, 12, 1, 1, 2, 4, 5, 6, 6, 6, 6, 6, 4, 5, 5, 9, 10, 10, 12, 11, 12]
Y_pred:
[ 1  1  1  2  4  5  3  5  3  4  5  5  4  4  5  4 10 12 11 13  4  5  5  5  4
  5  5  5  4  5  5  5  4  5  5  5  1  1  4  5  5  6  5  7  7  4  4  3  4  6
 11  4  5  1  1  1  3  4  5 11  4  5  5  5  3  3  9 10 12 12 11 11  1  1  2
  4  5  5  5  5  4  4  5  6  7  7  4  6  7  7  9 10 10 11 11  1  1  1  1  3
  4  5  5  5  6  7  7  6  7  4  5  4  6  6  5  7  7  7  9 10 10 12 11 11 11
 11  1  1  2  3  4  4  5  4  5  5  4  4  5  5  3  4  5  9 10  5  9 11 11  2
  5  5  1  3 13  4  4  5  3  4  5  5  4  5  5  5  5  5 11  9 11 11  1  2  4
  5  4  4  5  7  7  4  6  3  3  5  9  9 12 12 12 12  1  1  2  4  5  2  5  3
  5  3  4  5  5  4 10 12 12 11  4]
test_Y len is 211，and Y_pred len is 211
**********************step=8**********************
0.677725118483
test_Y:
[1, 1, 1, 2, 4, 5, 5, 5, 5, 4, 5, 5, 5, 5, 5, 9, 10, 12, 11, 13, 4, 5, 5, 5, 4, 5, 5, 5, 4, 5, 5, 5, 4, 5, 5, 5, 1, 2, 4, 5, 5, 6, 6, 6, 6, 4, 5, 5, 4, 5, 1, 12, 12, 1, 1, 1, 1, 4, 5, 5, 4, 5, 6, 6, 7, 7, 9, 10, 12, 12, 11, 11, 1, 1, 2, 4, 5, 5, 5, 5, 5, 4, 6, 6, 6, 6, 6, 6, 7, 7, 9, 10, 11, 11, 12, 1, 1, 1, 2, 3, 4, 5, 5, 6, 6, 6, 6, 6, 6, 4, 5, 5, 6, 6, 6, 7, 7, 7, 9, 10, 10, 12, 12, 11, 11, 12, 1, 2, 2, 3, 4, 5, 5, 5, 5, 5, 5, 4, 5, 5, 5, 5, 5, 9, 10, 10, 11, 11, 12, 2, 4, 5, 5, 5, 5, 5, 5, 5, 5, 4, 5, 5, 5, 5, 5, 5, 5, 9, 9, 9, 10, 12, 1, 2, 4, 6, 6, 6, 6, 6, 6, 4, 5, 5, 5, 5, 9, 10, 10, 12, 11, 12, 1, 1, 2, 4, 5, 6, 6, 6, 6, 6, 4, 5, 5, 9, 10, 10, 12, 11, 12]
Y_pred:
[ 1  1  1  4  4  5  4  5  4  4  5  5  5  5  7  4 10 12 11 13  4  5  5  5  4
  5  5  5  4  5  5  5  4  5  5  5  1  1  4  3  5  6  6  3  7  4  4  5  4  6
 10  1 11  1  1  1  2  4  5  5  4  5  6  6  7  7  4 10 12  9 11 11  1  1  2
  4  5  5  2  4  6  4 10  6  6  5  6  6  7  7 13 10 12 11 11  1  1  1  2  3
  4  3  4  6  6  5  7  6  6  4  5  4  6  6  6  7  7  7  4 10 10 12 11 11 11
 12  1  1  2  3  4  4  5  5  7  4  4  4  5  5  5  4  6  6 10 10 11 11 11  1
  4  1  3  5  2  4  4  4  5  4  3  4  5  5  5  5  6  4 10  9 11 10  1  2  4
  5 12  6  7  6  6  4  4  5  4  5  4 10 10 12 11 12  1  1  2  4  4  5  7  6
  3  7  4  5  5  4 10 10 12 11  6]
test_Y len is 211，and Y_pred len is 211
**********************step=8**********************
0.649289099526
test_Y:
[1, 1, 1, 2, 4, 5, 5, 5, 5, 4, 5, 5, 5, 5, 5, 9, 10, 12, 11, 13, 4, 5, 5, 5, 4, 5, 5, 5, 4, 5, 5, 5, 4, 5, 5, 5, 1, 2, 4, 5, 5, 6, 6, 6, 6, 4, 5, 5, 4, 5, 1, 12, 12, 1, 1, 1, 1, 4, 5, 5, 4, 5, 6, 6, 7, 7, 9, 10, 12, 12, 11, 11, 1, 1, 2, 4, 5, 5, 5, 5, 5, 4, 6, 6, 6, 6, 6, 6, 7, 7, 9, 10, 11, 11, 12, 1, 1, 1, 2, 3, 4, 5, 5, 6, 6, 6, 6, 6, 6, 4, 5, 5, 6, 6, 6, 7, 7, 7, 9, 10, 10, 12, 12, 11, 11, 12, 1, 2, 2, 3, 4, 5, 5, 5, 5, 5, 5, 4, 5, 5, 5, 5, 5, 9, 10, 10, 11, 11, 12, 2, 4, 5, 5, 5, 5, 5, 5, 5, 5, 4, 5, 5, 5, 5, 5, 5, 5, 9, 9, 9, 10, 12, 1, 2, 4, 6, 6, 6, 6, 6, 6, 4, 5, 5, 5, 5, 9, 10, 10, 12, 11, 12, 1, 1, 2, 4, 5, 6, 6, 6, 6, 6, 4, 5, 5, 9, 10, 10, 12, 11, 12]
Y_pred:
[ 1  1  1  2  4  5  5  5  5  4  5  5  5  4  5 12 10 11 11 13  4  5  5  5  4
  5  5  5  4  5  5  5  4  5  5  5  1  2  4  4  4  6  6  3  3  4  5  4  4  6
  4  1 11  1  1  1  1  4  5  4  4  5  5  7  4  6  9 11 12 12 11 11  1  1  1
  4  5  5  5  5  5  4  5  6 12  7  4  6  4  6  4 10 11 11 11  1  1  1  2  3
  4  5  5  6  6  5  7  6  7  4  5  5  6  6  6  7  5  4  4 10 10 12 12 11 11
 11  1  1  2  3  4  4  5  4  5  4  4  4  5  5  4  4  4  4 10 11 11 11 11  2
  3  3  2  3 13  4  5  4  5  4  5  4  4  5  5  5  4  4 10  9 12 11  1  2  4
  5 12  6  5  6  6  4  5  5  4  4  9 11  9 12 11 12  1  1  2  4  4  6  5  4
  3  5  4  5  5  4 10 10 12 13 13]
test_Y len is 211，and Y_pred len is 211
