**********************step=1**********************
0.502369668246
test_Y:
[1, 1, 1, 2, 4, 5, 5, 5, 5, 4, 5, 5, 5, 5, 5, 9, 10, 12, 11, 13, 4, 5, 5, 5, 4, 5, 5, 5, 4, 5, 5, 5, 4, 5, 5, 5, 1, 2, 4, 5, 5, 6, 6, 6, 6, 4, 5, 5, 4, 5, 1, 12, 12, 1, 1, 1, 1, 4, 5, 5, 4, 5, 6, 6, 7, 7, 9, 10, 12, 12, 11, 11, 1, 1, 2, 4, 5, 5, 5, 5, 5, 4, 6, 6, 6, 6, 6, 6, 7, 7, 9, 10, 11, 11, 12, 1, 1, 1, 2, 3, 4, 5, 5, 6, 6, 6, 6, 6, 6, 4, 5, 5, 6, 6, 6, 7, 7, 7, 9, 10, 10, 12, 12, 11, 11, 12, 1, 2, 2, 3, 4, 5, 5, 5, 5, 5, 5, 4, 5, 5, 5, 5, 5, 9, 10, 10, 11, 11, 12, 2, 4, 5, 5, 5, 5, 5, 5, 5, 5, 4, 5, 5, 5, 5, 5, 5, 5, 9, 9, 9, 10, 12, 1, 2, 4, 6, 6, 6, 6, 6, 6, 4, 5, 5, 5, 5, 9, 10, 10, 12, 11, 12, 1, 1, 2, 4, 5, 6, 6, 6, 6, 6, 4, 5, 5, 9, 10, 10, 12, 11, 12]
Y_pred:
[ 1  2  1  2  4  5  7  5  4  4  5  7  7  7  5  4 10 12 11  1  4  5  5  5  4
  5  5  5  4  5  5  5  4  5  5  5  1  2  4  4  4  6  7  3  7  4  4  7  4  6
  4  1 11  1  1  1  2  4  5  4  4  5  2  7  4  7 12 10 12  4 10 11  1  1  2
  4  5  5  5  2  6  4  5  6  5  6  1  6  1  7  4 10  5 10 11  1  1  1  2  3
  4  5  4  6  6  5  3  6  2  4  5  5  7  6  7  7  7  6  9  4 10 12 12 10 10
 12  2  2  2  6  4  7  4  7  7  7  7  4  5  5  7  7  7  4  4  4 10 10 11  4
  7  3  1  3  6  4  4  7  7  4  7  7  4  7  7  4  5  4 11  9  4 11  1  2  4
  6 12  6  7  3  1  4  4  5  5  7  9  9 12 12  9 12  2  2  2  4  7  5  7  7
  7  7  4  5  7  4 10 10 12  4  6]
test_Y len is 211，and Y_pred len is 211
**********************step=1**********************
0.516587677725
test_Y:
[1, 1, 1, 2, 4, 5, 5, 5, 5, 4, 5, 5, 5, 5, 5, 9, 10, 12, 11, 13, 4, 5, 5, 5, 4, 5, 5, 5, 4, 5, 5, 5, 4, 5, 5, 5, 1, 2, 4, 5, 5, 6, 6, 6, 6, 4, 5, 5, 4, 5, 1, 12, 12, 1, 1, 1, 1, 4, 5, 5, 4, 5, 6, 6, 7, 7, 9, 10, 12, 12, 11, 11, 1, 1, 2, 4, 5, 5, 5, 5, 5, 4, 6, 6, 6, 6, 6, 6, 7, 7, 9, 10, 11, 11, 12, 1, 1, 1, 2, 3, 4, 5, 5, 6, 6, 6, 6, 6, 6, 4, 5, 5, 6, 6, 6, 7, 7, 7, 9, 10, 10, 12, 12, 11, 11, 12, 1, 2, 2, 3, 4, 5, 5, 5, 5, 5, 5, 4, 5, 5, 5, 5, 5, 9, 10, 10, 11, 11, 12, 2, 4, 5, 5, 5, 5, 5, 5, 5, 5, 4, 5, 5, 5, 5, 5, 5, 5, 9, 9, 9, 10, 12, 1, 2, 4, 6, 6, 6, 6, 6, 6, 4, 5, 5, 5, 5, 9, 10, 10, 12, 11, 12, 1, 1, 2, 4, 5, 6, 6, 6, 6, 6, 4, 5, 5, 9, 10, 10, 12, 11, 12]
Y_pred:
[ 1  2  1  3  4  5  5  6  1  4  5  6  5  4  5  4  8 11 11  1  4  5  5  5  4
  5  5  5  4  5  5  5  4  5  5  5  1  2  4 10  9  6  6  3  3  4  5  3  4  6
 13  4 13  1  1  1  1  4  5  3  4  5  6  5  8  4  9 10 12 13 11 11  1  1  2
  4  5  5  5  3  6  4  5  6  5  6 10  6  3  4  4 10  7 10 11  1  1  1  2  2
  4  5  5  6  6  3  6  6  2  4  5  1  5  5  6  4  5  3 12 10 10 12 11 11 10
 13  1  1  1  6  4  5  4  6  6 13  7  5  5  6  3  6  5  4  5  3  9  7 11  1
  1  1  6  6  6  4  5  3  6  4  3 13  5  8  3  6  1  5  3  6  4 10  1  2  4
  6 12  6  3  6  3  4  5  5  5  8  4 11  4 12 11 12  1  2  2  4  5  2 13  6
  3  3  4  5  5  4  4 10 12  4  6]
test_Y len is 211，and Y_pred len is 211
**********************step=1**********************
0.516587677725
test_Y:
[1, 1, 1, 2, 4, 5, 5, 5, 5, 4, 5, 5, 5, 5, 5, 9, 10, 12, 11, 13, 4, 5, 5, 5, 4, 5, 5, 5, 4, 5, 5, 5, 4, 5, 5, 5, 1, 2, 4, 5, 5, 6, 6, 6, 6, 4, 5, 5, 4, 5, 1, 12, 12, 1, 1, 1, 1, 4, 5, 5, 4, 5, 6, 6, 7, 7, 9, 10, 12, 12, 11, 11, 1, 1, 2, 4, 5, 5, 5, 5, 5, 4, 6, 6, 6, 6, 6, 6, 7, 7, 9, 10, 11, 11, 12, 1, 1, 1, 2, 3, 4, 5, 5, 6, 6, 6, 6, 6, 6, 4, 5, 5, 6, 6, 6, 7, 7, 7, 9, 10, 10, 12, 12, 11, 11, 12, 1, 2, 2, 3, 4, 5, 5, 5, 5, 5, 5, 4, 5, 5, 5, 5, 5, 9, 10, 10, 11, 11, 12, 2, 4, 5, 5, 5, 5, 5, 5, 5, 5, 4, 5, 5, 5, 5, 5, 5, 5, 9, 9, 9, 10, 12, 1, 2, 4, 6, 6, 6, 6, 6, 6, 4, 5, 5, 5, 5, 9, 10, 10, 12, 11, 12, 1, 1, 2, 4, 5, 6, 6, 6, 6, 6, 4, 5, 5, 9, 10, 10, 12, 11, 12]
Y_pred:
[ 1  1  1  3  4  5  3  7  1  4  5  7  5  5  5  4 10  4 11  1  4  5  5  5  4
  5  5  5  4  5  5  5  4  5  5  5  1  2  4  4  4  6  6  3  7  9  5 13  4  4
  4 11 13  4  1  1  1  4  5  3  4  6  4  5  4  4  9 10 12 12 10  7  1  1  2
  4  5  5  7  2  6  4  4  6  6  3  1  6  3  3  4 10 12 10 12  1  2  1  1  3
  4  5  7  6  6  7  3  6  3  4  5  7  6  5  3  3  5  5  4 10 10 12  9 11  9
  4  1  2  2  3  4  4  5  7  5  7  4  4  5  3  4  7  7  4  5  9  9 11  4  1
  4  3  3  3  6  4  5  3  6  5  5  7  5  8  4  7  3  4  4  9  4 13  1  2  4
  6 12  6  7  3  5  4  4  5  5  8  4 10 12 12  4 12  1  1  2  4  5  5  7  6
  3  3  4  5  4  4 10 10 12  4  6]
test_Y len is 211，and Y_pred len is 211
**********************step=1**********************
0.568720379147
test_Y:
[1, 1, 1, 2, 4, 5, 5, 5, 5, 4, 5, 5, 5, 5, 5, 9, 10, 12, 11, 13, 4, 5, 5, 5, 4, 5, 5, 5, 4, 5, 5, 5, 4, 5, 5, 5, 1, 2, 4, 5, 5, 6, 6, 6, 6, 4, 5, 5, 4, 5, 1, 12, 12, 1, 1, 1, 1, 4, 5, 5, 4, 5, 6, 6, 7, 7, 9, 10, 12, 12, 11, 11, 1, 1, 2, 4, 5, 5, 5, 5, 5, 4, 6, 6, 6, 6, 6, 6, 7, 7, 9, 10, 11, 11, 12, 1, 1, 1, 2, 3, 4, 5, 5, 6, 6, 6, 6, 6, 6, 4, 5, 5, 6, 6, 6, 7, 7, 7, 9, 10, 10, 12, 12, 11, 11, 12, 1, 2, 2, 3, 4, 5, 5, 5, 5, 5, 5, 4, 5, 5, 5, 5, 5, 9, 10, 10, 11, 11, 12, 2, 4, 5, 5, 5, 5, 5, 5, 5, 5, 4, 5, 5, 5, 5, 5, 5, 5, 9, 9, 9, 10, 12, 1, 2, 4, 6, 6, 6, 6, 6, 6, 4, 5, 5, 5, 5, 9, 10, 10, 12, 11, 12, 1, 1, 2, 4, 5, 6, 6, 6, 6, 6, 4, 5, 5, 9, 10, 10, 12, 11, 12]
Y_pred:
[ 1  1  1  1  4  5  5  5  6  4  5  5  5  5  5  4 10  4 11  4  4  5  5  5  4
  5  5  5  4  5  5  5  4  5  5  5  1  3  4  4  5  6  6  1  6  9  5  6  4  6
  4  1 12  1  1  1  1  4  5  5  4  5  4  3  5 13  9 10 12 11 10  5  1  1  5
  4  5  7  7  4  6  4  5  6  6  3  4  6  5  4  4 10  5 10 10  1  1  1  2  3
  4  5  5  5  6  5  6  6  1  4  5  5  6  4  5  3 12  5 11  5  4 12  4  5  5
  3  1  1  2  6  4  5  5  5  3  5  5  4  5  5  5  3  3  4  5  9 10  7 13  1
  5  1  3  3  6  4  5  5  5  4  5  5  5  5  5  3  4  9  5  9  4 11  1  1  4
  6  3  6  5  6  5  4  4  5  3  8  9  9 12 12  4 12  1  3  1  4  5  5  6  3
  5  5  4  5  5  4 10 10 12  4  6]
test_Y len is 211，and Y_pred len is 211
**********************step=1**********************
0.535545023697
test_Y:
[1, 1, 1, 2, 4, 5, 5, 5, 5, 4, 5, 5, 5, 5, 5, 9, 10, 12, 11, 13, 4, 5, 5, 5, 4, 5, 5, 5, 4, 5, 5, 5, 4, 5, 5, 5, 1, 2, 4, 5, 5, 6, 6, 6, 6, 4, 5, 5, 4, 5, 1, 12, 12, 1, 1, 1, 1, 4, 5, 5, 4, 5, 6, 6, 7, 7, 9, 10, 12, 12, 11, 11, 1, 1, 2, 4, 5, 5, 5, 5, 5, 4, 6, 6, 6, 6, 6, 6, 7, 7, 9, 10, 11, 11, 12, 1, 1, 1, 2, 3, 4, 5, 5, 6, 6, 6, 6, 6, 6, 4, 5, 5, 6, 6, 6, 7, 7, 7, 9, 10, 10, 12, 12, 11, 11, 12, 1, 2, 2, 3, 4, 5, 5, 5, 5, 5, 5, 4, 5, 5, 5, 5, 5, 9, 10, 10, 11, 11, 12, 2, 4, 5, 5, 5, 5, 5, 5, 5, 5, 4, 5, 5, 5, 5, 5, 5, 5, 9, 9, 9, 10, 12, 1, 2, 4, 6, 6, 6, 6, 6, 6, 4, 5, 5, 5, 5, 9, 10, 10, 12, 11, 12, 1, 1, 2, 4, 5, 6, 6, 6, 6, 6, 4, 5, 5, 9, 10, 10, 12, 11, 12]
Y_pred:
[ 1  2  1  2  4  5  6  5  4  4  5  5  5  6  5  4 10 12  5  4  4  5  5  5  4
  5  5  5  4  5  5  5  4  5  5  5  1  2  4  4  5  6  6  3  7  4  5  4  4  5
  9  1 13  1  1  1  3  4  5  7  4  4  5  4  5  7  4 10 12 12  5 12  1  2  2
  4  5  5  7  2  6  4  5  6  5  5  5  6  5  3  4 10  5  7  5  1  2  1  2  5
  4  4  4  6  6  5  6  6  2  4  5  5  6  4  7  5  5  3  4  5 10 12  9 11  6
 12  4  1  2  3  4  5  7  5  3  5  5  4  5  5  5  4 10  4  5  5  4  7  5  1
  3  3  3  3  5  4  5  4  4  4  5  4  5  3  4  5  4  4  5  9  4  5  1  2  4
  6 12  6  5  3  6  4  5  5  4  5  1  7 12 12  9 12  1  1  2  4  5  5  8  7
  7  3  4  5  5  4  9  6 12  4  6]
test_Y len is 211，and Y_pred len is 211
**********************step=1**********************
0.526066350711
test_Y:
[1, 1, 1, 2, 4, 5, 5, 5, 5, 4, 5, 5, 5, 5, 5, 9, 10, 12, 11, 13, 4, 5, 5, 5, 4, 5, 5, 5, 4, 5, 5, 5, 4, 5, 5, 5, 1, 2, 4, 5, 5, 6, 6, 6, 6, 4, 5, 5, 4, 5, 1, 12, 12, 1, 1, 1, 1, 4, 5, 5, 4, 5, 6, 6, 7, 7, 9, 10, 12, 12, 11, 11, 1, 1, 2, 4, 5, 5, 5, 5, 5, 4, 6, 6, 6, 6, 6, 6, 7, 7, 9, 10, 11, 11, 12, 1, 1, 1, 2, 3, 4, 5, 5, 6, 6, 6, 6, 6, 6, 4, 5, 5, 6, 6, 6, 7, 7, 7, 9, 10, 10, 12, 12, 11, 11, 12, 1, 2, 2, 3, 4, 5, 5, 5, 5, 5, 5, 4, 5, 5, 5, 5, 5, 9, 10, 10, 11, 11, 12, 2, 4, 5, 5, 5, 5, 5, 5, 5, 5, 4, 5, 5, 5, 5, 5, 5, 5, 9, 9, 9, 10, 12, 1, 2, 4, 6, 6, 6, 6, 6, 6, 4, 5, 5, 5, 5, 9, 10, 10, 12, 11, 12, 1, 1, 2, 4, 5, 6, 6, 6, 6, 6, 4, 5, 5, 9, 10, 10, 12, 11, 12]
Y_pred:
[ 1  2  2  3  4  5  5  4  5  4  5  4  5  5  5 11 10 11  5  4  4  5  5  5  4
  5  5  5  4  5  5  5  4  5  5  5  1  2  4  4  4  6  5  4  6  4  5  5  4  5
  4  1  1  1  1  1  1  4  5  5  4  5  6  4  3  6  9  5 12 12 10  3  1  2  2
  4  5  7  5  4  6  4  5  6  7  4 10  6  4  6  4 10  5 10  6  4  5  1  1  1
  4  5  7  6  6  5  4  6  4  4  5  2  6  6  7  4  6  5  4  5 10 12 11 11 10
 12  1  1  2  3  4  5  4  2  5  5  4  4  5  5  5  5  4  4  5  6  9  7 13  1
  1  1  5  3  6  4  5  5  6  4  7  5  5  3  3  4  4  4  4  2  4  5  1  2  4
  6 13  6  4  3  6  4  5  5  7  3  9  9 13 12  4 12  4  3  2  4  5  4  5  6
  4  6  4  5  4  4  4  4 12  4  5]
test_Y len is 211，and Y_pred len is 211
**********************step=1**********************
0.568720379147
test_Y:
[1, 1, 1, 2, 4, 5, 5, 5, 5, 4, 5, 5, 5, 5, 5, 9, 10, 12, 11, 13, 4, 5, 5, 5, 4, 5, 5, 5, 4, 5, 5, 5, 4, 5, 5, 5, 1, 2, 4, 5, 5, 6, 6, 6, 6, 4, 5, 5, 4, 5, 1, 12, 12, 1, 1, 1, 1, 4, 5, 5, 4, 5, 6, 6, 7, 7, 9, 10, 12, 12, 11, 11, 1, 1, 2, 4, 5, 5, 5, 5, 5, 4, 6, 6, 6, 6, 6, 6, 7, 7, 9, 10, 11, 11, 12, 1, 1, 1, 2, 3, 4, 5, 5, 6, 6, 6, 6, 6, 6, 4, 5, 5, 6, 6, 6, 7, 7, 7, 9, 10, 10, 12, 12, 11, 11, 12, 1, 2, 2, 3, 4, 5, 5, 5, 5, 5, 5, 4, 5, 5, 5, 5, 5, 9, 10, 10, 11, 11, 12, 2, 4, 5, 5, 5, 5, 5, 5, 5, 5, 4, 5, 5, 5, 5, 5, 5, 5, 9, 9, 9, 10, 12, 1, 2, 4, 6, 6, 6, 6, 6, 6, 4, 5, 5, 5, 5, 9, 10, 10, 12, 11, 12, 1, 1, 2, 4, 5, 6, 6, 6, 6, 6, 4, 5, 5, 9, 10, 10, 12, 11, 12]
Y_pred:
[ 1  1  1  3  4  5  5  4  4 11  5  6  6  5  5  4 10  4 12  4  4  5  5  5  4
  5  5  5  4  5  5  5  4  5  5  5  1  2  4  4  5  6  6  3  6  4  5  6  4  6
  4  4 10  1  1  1  1  4  5  6  4  5  6 13  3  6  9 10 12  2  5  4  1  2  1
  4  5  7  5  6  6  4  5  6  4  5  2  6  1  4  4 10  5 10 11  1  1  1  2  2
  4  5  4  6  6  6  6  6  3  4  5  4  6  6  5  5  5 13 13 10 10 12  4 10  6
 12  1  1  2  3  4  5  5  6  5  5  6  4  5  5  6  6 10  4  5 10  4  7 10  4
  3  1  3  3  6  3  3  6  6  4  5  5  5  6  1  5  4  9  5  9  4  6  1  2  4
  6  3  6  6  4  4 11  4  5  5  5  9 10 13 12 10 12  1  1  2  4  4  4  6  6
  6  6  4  5  5  1 10  4 12  4  6]
test_Y len is 211，and Y_pred len is 211
**********************step=1**********************
0.521327014218
test_Y:
[1, 1, 1, 2, 4, 5, 5, 5, 5, 4, 5, 5, 5, 5, 5, 9, 10, 12, 11, 13, 4, 5, 5, 5, 4, 5, 5, 5, 4, 5, 5, 5, 4, 5, 5, 5, 1, 2, 4, 5, 5, 6, 6, 6, 6, 4, 5, 5, 4, 5, 1, 12, 12, 1, 1, 1, 1, 4, 5, 5, 4, 5, 6, 6, 7, 7, 9, 10, 12, 12, 11, 11, 1, 1, 2, 4, 5, 5, 5, 5, 5, 4, 6, 6, 6, 6, 6, 6, 7, 7, 9, 10, 11, 11, 12, 1, 1, 1, 2, 3, 4, 5, 5, 6, 6, 6, 6, 6, 6, 4, 5, 5, 6, 6, 6, 7, 7, 7, 9, 10, 10, 12, 12, 11, 11, 12, 1, 2, 2, 3, 4, 5, 5, 5, 5, 5, 5, 4, 5, 5, 5, 5, 5, 9, 10, 10, 11, 11, 12, 2, 4, 5, 5, 5, 5, 5, 5, 5, 5, 4, 5, 5, 5, 5, 5, 5, 5, 9, 9, 9, 10, 12, 1, 2, 4, 6, 6, 6, 6, 6, 6, 4, 5, 5, 5, 5, 9, 10, 10, 12, 11, 12, 1, 1, 2, 4, 5, 6, 6, 6, 6, 6, 4, 5, 5, 9, 10, 10, 12, 11, 12]
Y_pred:
[ 1  1  1  1  4  5  6  1  4  4  5 13  7  6  5  4 13  4  4  3  4  5  5  5  4
  5  5  5  4  5  5  5  4  5  5  5  1  2  4  5  7  6  6  3  6  4  5  6  4  6
  4  1  1  1  1  1  1  4  9  6  4  5  6  7  3 13  9  5 12  4 10  6  1  1  2
  4  5  7  6  2  6  4  6  6  6  6  4  6  6  6  4 10 10 10 11  3  1  1  1  5
  4  5  4  6  6  5  6  6  3  4  5  4  6  6  6  6  5  3  4  5 10 12  4 13  4
  4  1  1  2  3  4  6  6  4  3 13  6  4  5  6  3  5  5  4 13 10  4 11  4  1
  3  3  4  6  6  4  5  6  6  4  3  5  6  1 10  6  4  4  5 12  4 12  1  2  4
  6 12  6  6  6  5  4  4  5  7  6  9  9 12 12  4 12  1  1  2  4  4  6  6  6
  6  6  4  5  4  4  3 10 12  4  6]
test_Y len is 211，and Y_pred len is 211
**********************step=1**********************
0.516587677725
test_Y:
[1, 1, 1, 2, 4, 5, 5, 5, 5, 4, 5, 5, 5, 5, 5, 9, 10, 12, 11, 13, 4, 5, 5, 5, 4, 5, 5, 5, 4, 5, 5, 5, 4, 5, 5, 5, 1, 2, 4, 5, 5, 6, 6, 6, 6, 4, 5, 5, 4, 5, 1, 12, 12, 1, 1, 1, 1, 4, 5, 5, 4, 5, 6, 6, 7, 7, 9, 10, 12, 12, 11, 11, 1, 1, 2, 4, 5, 5, 5, 5, 5, 4, 6, 6, 6, 6, 6, 6, 7, 7, 9, 10, 11, 11, 12, 1, 1, 1, 2, 3, 4, 5, 5, 6, 6, 6, 6, 6, 6, 4, 5, 5, 6, 6, 6, 7, 7, 7, 9, 10, 10, 12, 12, 11, 11, 12, 1, 2, 2, 3, 4, 5, 5, 5, 5, 5, 5, 4, 5, 5, 5, 5, 5, 9, 10, 10, 11, 11, 12, 2, 4, 5, 5, 5, 5, 5, 5, 5, 5, 4, 5, 5, 5, 5, 5, 5, 5, 9, 9, 9, 10, 12, 1, 2, 4, 6, 6, 6, 6, 6, 6, 4, 5, 5, 5, 5, 9, 10, 10, 12, 11, 12, 1, 1, 2, 4, 5, 6, 6, 6, 6, 6, 4, 5, 5, 9, 10, 10, 12, 11, 12]
Y_pred:
[ 1  1  1  3  4  5  4  4  3  4  5  5  5  3  5  4 10  4 11  4  4  5  5  5  4
  5  5  5  4  5  5  5  4  5  5  5  1  1  4  5  5  6  6  6  6  4  4  3  4  6
  4  2  6  1  1  1  1  4  4  3  4  5  5  3  6 13  9  4 12  4 10  3  1  1  2
  4  5  7  5  6  6  4  5  6  6  6 10  6  6  6  4 10 12 10 13  1  1  1  2  3
  4  5  2  6  6  5  6  6  2  4  5  4  6  6  6  3  3  6  4  5 10 12 12 11  5
 12  1  1  2  6  4  3  2  3  1  5  6  4  5  3  6  6  1  4  5  5 12  7  9  4
  4  1  1  6  6  4  4 13  6  4  3  3 13  6  4  3  1  4  9  9  4 13  1  2  4
  6  2  6  3  6  7  4  2  5  5  6 12  9 12 12  4 12  1  1  2  4  4  6  3  3
  3  1  4  5  6  4  7  5 12  4  6]
test_Y len is 211，and Y_pred len is 211
**********************step=1**********************
0.601895734597
test_Y:
[1, 1, 1, 2, 4, 5, 5, 5, 5, 4, 5, 5, 5, 5, 5, 9, 10, 12, 11, 13, 4, 5, 5, 5, 4, 5, 5, 5, 4, 5, 5, 5, 4, 5, 5, 5, 1, 2, 4, 5, 5, 6, 6, 6, 6, 4, 5, 5, 4, 5, 1, 12, 12, 1, 1, 1, 1, 4, 5, 5, 4, 5, 6, 6, 7, 7, 9, 10, 12, 12, 11, 11, 1, 1, 2, 4, 5, 5, 5, 5, 5, 4, 6, 6, 6, 6, 6, 6, 7, 7, 9, 10, 11, 11, 12, 1, 1, 1, 2, 3, 4, 5, 5, 6, 6, 6, 6, 6, 6, 4, 5, 5, 6, 6, 6, 7, 7, 7, 9, 10, 10, 12, 12, 11, 11, 12, 1, 2, 2, 3, 4, 5, 5, 5, 5, 5, 5, 4, 5, 5, 5, 5, 5, 9, 10, 10, 11, 11, 12, 2, 4, 5, 5, 5, 5, 5, 5, 5, 5, 4, 5, 5, 5, 5, 5, 5, 5, 9, 9, 9, 10, 12, 1, 2, 4, 6, 6, 6, 6, 6, 6, 4, 5, 5, 5, 5, 9, 10, 10, 12, 11, 12, 1, 1, 2, 4, 5, 6, 6, 6, 6, 6, 4, 5, 5, 9, 10, 10, 12, 11, 12]
Y_pred:
[ 1  2  1  2  4  5  5  5  2  4  5  5 10  4  5  9 10  4 10  4  4  5  5  5  4
  5  5  5  4  5  5  5  4  5  5  5  1  2  4 10  5  6  6  4  2  4  5  4  4  6
  9  5  1  1  1  1  1  4  5  5  4  5  5 13  5  3  9 10 12  4  5  5  1  2  2
  4  5  5  5  2  6  4  9  6  5 13  1  6  1 13  4 10  4 10 12  1  1  2  2  2
  4  5  2  3  6  5  6  6  5  4  5  2  6  6  5  7  5 13  9 10 10 12  9 10 10
  4  1  2  2  5  4  2  5  5  5 13  6  4  5  5  5  5  5  4  5  9  9  7 10  1
  1  1  2  2  6  4  5  5  5  4  2  5  5  5  1  5 13  9  4  9  4 12  1  2  4
  6  2  6  5  6  5  4  1  5  5  5  9 10  1 12  4 12  1  1  2  4  5  5  5  3
  2  1  4  5  5  4 10 10 12  4  6]
test_Y len is 211，and Y_pred len is 211
**********************step=1**********************
0.507109004739
test_Y:
[1, 1, 1, 2, 4, 5, 5, 5, 5, 4, 5, 5, 5, 5, 5, 9, 10, 12, 11, 13, 4, 5, 5, 5, 4, 5, 5, 5, 4, 5, 5, 5, 4, 5, 5, 5, 1, 2, 4, 5, 5, 6, 6, 6, 6, 4, 5, 5, 4, 5, 1, 12, 12, 1, 1, 1, 1, 4, 5, 5, 4, 5, 6, 6, 7, 7, 9, 10, 12, 12, 11, 11, 1, 1, 2, 4, 5, 5, 5, 5, 5, 4, 6, 6, 6, 6, 6, 6, 7, 7, 9, 10, 11, 11, 12, 1, 1, 1, 2, 3, 4, 5, 5, 6, 6, 6, 6, 6, 6, 4, 5, 5, 6, 6, 6, 7, 7, 7, 9, 10, 10, 12, 12, 11, 11, 12, 1, 2, 2, 3, 4, 5, 5, 5, 5, 5, 5, 4, 5, 5, 5, 5, 5, 9, 10, 10, 11, 11, 12, 2, 4, 5, 5, 5, 5, 5, 5, 5, 5, 4, 5, 5, 5, 5, 5, 5, 5, 9, 9, 9, 10, 12, 1, 2, 4, 6, 6, 6, 6, 6, 6, 4, 5, 5, 5, 5, 9, 10, 10, 12, 11, 12, 1, 1, 2, 4, 5, 6, 6, 6, 6, 6, 4, 5, 5, 9, 10, 10, 12, 11, 12]
Y_pred:
[ 1  1  1  3  4  5  3  5  6  4  5  4  5 13  5  4  4 11 12  1  4  5  5  5  4
  5  5  5  4  5  5  5  4  5  5  5  1  1  4  3  5  6  6  3  3  4  5  3  4  6
  4  1  1  1  1  1  1  4 12  3  4  5  5  5  4  4  9  5 12  1  4 12  1  2  1
  4  5  5  6  2  6  4 13  6  5  5  1  6  5  3  4 10 12  7 12  1  2  1  1  3
  4  5  4  7  6  5  3  6  3  4  5  5  6  6  5  6 12  3  4 10 10 12 11 11  5
  5  1  2  2  3  4  5  3  5  3  5  6  4  5  5  3  4 13  4  5 10  4 12 11  1
  3  3  3  4  6  4  5  6  4  4 13  4  5  4  5  5 13  4  4  4  4 13  1  2  4
  4 12  6  3  3  5  4  5  5  5  3  9 10 12 12  4 12  1  1  1  4  5  6  6  4
  3  3  4  5  5  4  7  5 12  4 10]
test_Y len is 211，and Y_pred len is 211
**********************step=1**********************
0.57345971564
test_Y:
[1, 1, 1, 2, 4, 5, 5, 5, 5, 4, 5, 5, 5, 5, 5, 9, 10, 12, 11, 13, 4, 5, 5, 5, 4, 5, 5, 5, 4, 5, 5, 5, 4, 5, 5, 5, 1, 2, 4, 5, 5, 6, 6, 6, 6, 4, 5, 5, 4, 5, 1, 12, 12, 1, 1, 1, 1, 4, 5, 5, 4, 5, 6, 6, 7, 7, 9, 10, 12, 12, 11, 11, 1, 1, 2, 4, 5, 5, 5, 5, 5, 4, 6, 6, 6, 6, 6, 6, 7, 7, 9, 10, 11, 11, 12, 1, 1, 1, 2, 3, 4, 5, 5, 6, 6, 6, 6, 6, 6, 4, 5, 5, 6, 6, 6, 7, 7, 7, 9, 10, 10, 12, 12, 11, 11, 12, 1, 2, 2, 3, 4, 5, 5, 5, 5, 5, 5, 4, 5, 5, 5, 5, 5, 9, 10, 10, 11, 11, 12, 2, 4, 5, 5, 5, 5, 5, 5, 5, 5, 4, 5, 5, 5, 5, 5, 5, 5, 9, 9, 9, 10, 12, 1, 2, 4, 6, 6, 6, 6, 6, 6, 4, 5, 5, 5, 5, 9, 10, 10, 12, 11, 12, 1, 1, 2, 4, 5, 6, 6, 6, 6, 6, 4, 5, 5, 9, 10, 10, 12, 11, 12]
Y_pred:
[ 1 13  1  3  4  5  5  5  5  4  5  5  5  5  5  4 10 12  1  4  4  5  5  5  4
  5  5  5  4  5  5  5  4  5  5  5  1  1  4  5  5  6  6  3  5  4  5  5  4  6
  4  1  1  4  1  1  4  4  5  3  4  5  3  1  5  6  9 10 12 12 10  5  1  3  2
  4  5  7 10  2  6  4  4  6  5  3  1  6  1  6  4 10  4  4  5  1  1  1  2  5
  4  5  4  6  6  5  5  6  3  4  5 12  6  6  5  5  4  4  9  5 10 12  4 11  4
 10  4  1  4  6  4  4  4  7  5  5  5  4  5  5  4  4  4  4  4 10 11  7 11  1
  4  1  5  4  6  4  5  5  6  4  5  5  5  3  5  5  5 12 10  9  4  1  4  2  4
  6  7  6  5  6  5  4  4  5  5  4  9 10  5 12 11 12  1  1  2  4  5  5  5  5
  3  5  4  5  5  4 10 10 12  4  6]
test_Y len is 211，and Y_pred len is 211
**********************step=1**********************
0.57345971564
test_Y:
[1, 1, 1, 2, 4, 5, 5, 5, 5, 4, 5, 5, 5, 5, 5, 9, 10, 12, 11, 13, 4, 5, 5, 5, 4, 5, 5, 5, 4, 5, 5, 5, 4, 5, 5, 5, 1, 2, 4, 5, 5, 6, 6, 6, 6, 4, 5, 5, 4, 5, 1, 12, 12, 1, 1, 1, 1, 4, 5, 5, 4, 5, 6, 6, 7, 7, 9, 10, 12, 12, 11, 11, 1, 1, 2, 4, 5, 5, 5, 5, 5, 4, 6, 6, 6, 6, 6, 6, 7, 7, 9, 10, 11, 11, 12, 1, 1, 1, 2, 3, 4, 5, 5, 6, 6, 6, 6, 6, 6, 4, 5, 5, 6, 6, 6, 7, 7, 7, 9, 10, 10, 12, 12, 11, 11, 12, 1, 2, 2, 3, 4, 5, 5, 5, 5, 5, 5, 4, 5, 5, 5, 5, 5, 9, 10, 10, 11, 11, 12, 2, 4, 5, 5, 5, 5, 5, 5, 5, 5, 4, 5, 5, 5, 5, 5, 5, 5, 9, 9, 9, 10, 12, 1, 2, 4, 6, 6, 6, 6, 6, 6, 4, 5, 5, 5, 5, 9, 10, 10, 12, 11, 12, 1, 1, 2, 4, 5, 6, 6, 6, 6, 6, 4, 5, 5, 9, 10, 10, 12, 11, 12]
Y_pred:
[ 1  1  1  3  4  5  4  5  4  4  5  5  4  6  5 12 10 12  7 13  4  5  5  5  4
  5  5  5  4  5  5  5  4  5  5  5  1  2  4  4  5  6  6  2  3  4  5  5  4  6
  4 12 13  1  1  1  1  4  5  3  4  5  6  6  3 13  9 10 12 12 10 11  1  1  1
  4  5  5  5  4  6  4  5  6  6  3 10  6  3  4  4 10  4  9 11  1  1  1  2  5
  4  5  2  6  6  4  3  6  3  4  5  2  6  5  5  6  4  3  9  5 10 12  9 11 13
 12  1  1  4  6  4  5  3  3  3  5  5  4  5  3  5  5  4  4  5 10  9  7 11  1
  5  1  2  3  6  4  4  4  3  4  5  5  5  4  5  5  3  9  5  9  4 11  1  1  4
  6  1  6  3  6  5  4  5  5  1  5  1 12 12 12 12 12  1  1  1  4  5  1  3  7
  7  2  4  5  5  4 13 10 12  5  6]
test_Y len is 211，and Y_pred len is 211
**********************step=1**********************
0.554502369668
test_Y:
[1, 1, 1, 2, 4, 5, 5, 5, 5, 4, 5, 5, 5, 5, 5, 9, 10, 12, 11, 13, 4, 5, 5, 5, 4, 5, 5, 5, 4, 5, 5, 5, 4, 5, 5, 5, 1, 2, 4, 5, 5, 6, 6, 6, 6, 4, 5, 5, 4, 5, 1, 12, 12, 1, 1, 1, 1, 4, 5, 5, 4, 5, 6, 6, 7, 7, 9, 10, 12, 12, 11, 11, 1, 1, 2, 4, 5, 5, 5, 5, 5, 4, 6, 6, 6, 6, 6, 6, 7, 7, 9, 10, 11, 11, 12, 1, 1, 1, 2, 3, 4, 5, 5, 6, 6, 6, 6, 6, 6, 4, 5, 5, 6, 6, 6, 7, 7, 7, 9, 10, 10, 12, 12, 11, 11, 12, 1, 2, 2, 3, 4, 5, 5, 5, 5, 5, 5, 4, 5, 5, 5, 5, 5, 9, 10, 10, 11, 11, 12, 2, 4, 5, 5, 5, 5, 5, 5, 5, 5, 4, 5, 5, 5, 5, 5, 5, 5, 9, 9, 9, 10, 12, 1, 2, 4, 6, 6, 6, 6, 6, 6, 4, 5, 5, 5, 5, 9, 10, 10, 12, 11, 12, 1, 1, 2, 4, 5, 6, 6, 6, 6, 6, 4, 5, 5, 9, 10, 10, 12, 11, 12]
Y_pred:
[ 1  1  1  2  4  5  2  5  3  4  5  3  4 13  5  4 10 12  9  4  4  5  5  5  4
  5  5  5  4  5  5  5  4  5  5  5  1  2  4  3  2  6  6  6  7  4  6  3  4 13
  4  2  1  1  1  1  1  4  5  3  4  5 13  4  3  3  9 10 12  4 10  1  1  1  2
  4  5  7  5  3  6  4  7  6  5 13  6  6  1  3  4 10  4  9 12  1  1  1  1  3
  4  5  4  6  6  5  6  6  5  4  5  5  6  4  6  5  5  6  9  3 10 12  9 11  5
  5  1  1  4  6  4  3  1  7  5  7  3  4  5  6  3  3  5  4  5 10  4 11  1  1
  3  3  3  3  6  4  3  3  7  4  3  3  5  5  3  3  3  4 13  9  4 12  1  2  4
  6  6  6  3  6  5  4  5  5  5  5  9  9 12 12 10 12  1  1  2  4  7  5  6  6
  6  7  4  5  3  4 11 10 12  4  6]
test_Y len is 211，and Y_pred len is 211
**********************step=1**********************
0.563981042654
test_Y:
[1, 1, 1, 2, 4, 5, 5, 5, 5, 4, 5, 5, 5, 5, 5, 9, 10, 12, 11, 13, 4, 5, 5, 5, 4, 5, 5, 5, 4, 5, 5, 5, 4, 5, 5, 5, 1, 2, 4, 5, 5, 6, 6, 6, 6, 4, 5, 5, 4, 5, 1, 12, 12, 1, 1, 1, 1, 4, 5, 5, 4, 5, 6, 6, 7, 7, 9, 10, 12, 12, 11, 11, 1, 1, 2, 4, 5, 5, 5, 5, 5, 4, 6, 6, 6, 6, 6, 6, 7, 7, 9, 10, 11, 11, 12, 1, 1, 1, 2, 3, 4, 5, 5, 6, 6, 6, 6, 6, 6, 4, 5, 5, 6, 6, 6, 7, 7, 7, 9, 10, 10, 12, 12, 11, 11, 12, 1, 2, 2, 3, 4, 5, 5, 5, 5, 5, 5, 4, 5, 5, 5, 5, 5, 9, 10, 10, 11, 11, 12, 2, 4, 5, 5, 5, 5, 5, 5, 5, 5, 4, 5, 5, 5, 5, 5, 5, 5, 9, 9, 9, 10, 12, 1, 2, 4, 6, 6, 6, 6, 6, 6, 4, 5, 5, 5, 5, 9, 10, 10, 12, 11, 12, 1, 1, 2, 4, 5, 6, 6, 6, 6, 6, 4, 5, 5, 9, 10, 10, 12, 11, 12]
Y_pred:
[ 1  1  1  3  4  5  5  7  3  4  5  5  4  7  5  4 10 12 11  2  4  5  5  5  4
  5  5  5  4  5  5  5  4  5  5  5  1  1  4 10  4  6  6  5  7  4  5  3  4  6
  4  1 12  1  1  1  3  4  5  3  4  5  3  6  3  7  4 10 12 12 11  7  1  1  2
  4  5  5  7  2  6  4  7  6  7  6 10  6  1  5  4 10  5 11 12  1  1  1  2  7
  4  5  4  6  6  5  7  6  3  4  5  2  6  6  6  7  3  5  4  4 10 12  9 11 11
  7  1  1  2  3  4  5  4  4  5  5  3  4  5  6  4  3  7  4  5 10  4 11 12  1
  3  1  5  6  6  4  4  5  5  4  3  5  1  7  7  5  7  9  4  9  4 11  1  2  4
  6 12  6  7  7  5  4  4  5  3  7  4 11 12 12  4 12  1  2  2  4  7  2  6  5
  4  7  4  5  2  4 10  3 12  4  6]
test_Y len is 211，and Y_pred len is 211
**********************step=1**********************
0.507109004739
test_Y:
[1, 1, 1, 2, 4, 5, 5, 5, 5, 4, 5, 5, 5, 5, 5, 9, 10, 12, 11, 13, 4, 5, 5, 5, 4, 5, 5, 5, 4, 5, 5, 5, 4, 5, 5, 5, 1, 2, 4, 5, 5, 6, 6, 6, 6, 4, 5, 5, 4, 5, 1, 12, 12, 1, 1, 1, 1, 4, 5, 5, 4, 5, 6, 6, 7, 7, 9, 10, 12, 12, 11, 11, 1, 1, 2, 4, 5, 5, 5, 5, 5, 4, 6, 6, 6, 6, 6, 6, 7, 7, 9, 10, 11, 11, 12, 1, 1, 1, 2, 3, 4, 5, 5, 6, 6, 6, 6, 6, 6, 4, 5, 5, 6, 6, 6, 7, 7, 7, 9, 10, 10, 12, 12, 11, 11, 12, 1, 2, 2, 3, 4, 5, 5, 5, 5, 5, 5, 4, 5, 5, 5, 5, 5, 9, 10, 10, 11, 11, 12, 2, 4, 5, 5, 5, 5, 5, 5, 5, 5, 4, 5, 5, 5, 5, 5, 5, 5, 9, 9, 9, 10, 12, 1, 2, 4, 6, 6, 6, 6, 6, 6, 4, 5, 5, 5, 5, 9, 10, 10, 12, 11, 12, 1, 1, 2, 4, 5, 6, 6, 6, 6, 6, 4, 5, 5, 9, 10, 10, 12, 11, 12]
Y_pred:
[ 1  1  1  3  4  5  4  4  4  4  5  5  5 13  5  4 10  4  1  1  4  5  5  5  4
  5  5  5  4  5  5  5  4  5  5  5  1  2  4  4  5  6  5  3  3  4  5  4  4  6
  4  4  1  1  1  1  2  4  5  3  4  5  5  3  5  5  4 10 12  4 10 11  1  1  2
  4  5  5  6  2  6  4  3  6  7  4  1  6  3  7  4 10 12 11 12  1  1  1  2  2
  4  5  4  6  6  5  3  6  3  4  5  7  6  6  3  5  7  3  4  5 10 12  4 11 10
 11  1  1  1  3  4  3  3  5  4  7  3  4  5  7  4  4  7  4  5  5  4  4 12  1
  3  1  2  3  6  4  5  5  3  4  4  5  5  5  4  5  3  4  5  9  4 11  1  1  4
  1  4  6  3  3  5  4  4  5  7  5  9  5  5 12  9 12  1  1  2  4 13 12 10  5
  3  7  4  5  4  4 13 10 12  4  6]
test_Y len is 211，and Y_pred len is 211
**********************step=1**********************
0.549763033175
test_Y:
[1, 1, 1, 2, 4, 5, 5, 5, 5, 4, 5, 5, 5, 5, 5, 9, 10, 12, 11, 13, 4, 5, 5, 5, 4, 5, 5, 5, 4, 5, 5, 5, 4, 5, 5, 5, 1, 2, 4, 5, 5, 6, 6, 6, 6, 4, 5, 5, 4, 5, 1, 12, 12, 1, 1, 1, 1, 4, 5, 5, 4, 5, 6, 6, 7, 7, 9, 10, 12, 12, 11, 11, 1, 1, 2, 4, 5, 5, 5, 5, 5, 4, 6, 6, 6, 6, 6, 6, 7, 7, 9, 10, 11, 11, 12, 1, 1, 1, 2, 3, 4, 5, 5, 6, 6, 6, 6, 6, 6, 4, 5, 5, 6, 6, 6, 7, 7, 7, 9, 10, 10, 12, 12, 11, 11, 12, 1, 2, 2, 3, 4, 5, 5, 5, 5, 5, 5, 4, 5, 5, 5, 5, 5, 9, 10, 10, 11, 11, 12, 2, 4, 5, 5, 5, 5, 5, 5, 5, 5, 4, 5, 5, 5, 5, 5, 5, 5, 9, 9, 9, 10, 12, 1, 2, 4, 6, 6, 6, 6, 6, 6, 4, 5, 5, 5, 5, 9, 10, 10, 12, 11, 12, 1, 1, 2, 4, 5, 6, 6, 6, 6, 6, 4, 5, 5, 9, 10, 10, 12, 11, 12]
Y_pred:
[ 1  2  1  3  4  5  3  3  4  4  5  5  5  4  5  4 10  9  1  4  4  5  5  5  4
  5  5  5  4  5  5  5  4  5  5  5  1  1  4  3 10  6 10  3  4  4  5  5  4  6
  9  4  5  1  1  1  4  4  5  5  4  5 13 13  5 13  9 10 12  4 10  5  1  1  2
  4  5  7  5  4  7  4  4  6  7  3  1  6  3  7  4 10 12 10 12  1  1  1  1  3
  4  5  4  3  6  5  3  6  3  4  5  4  6  6  7  7  5  7  4 10 10 12  9 10 13
 12  1  1  2  6  4  5 10  3  5  7  3  4  5  3  5  4  5  4  5 10  4 11  5  2
  3  1  5  3  7  4  7  2  3  4  5  5  5  4  5  5  4  4  4  9  4 12  1  2  4
  3  6  6  3  3  5  4  2  5  5  3  4 10 12 12  9 12  4  1  2  4  5  5 10  7
  7  7  4  5  5  4 10 10 12  4  6]
test_Y len is 211，and Y_pred len is 211
**********************step=1**********************
0.535545023697
test_Y:
[1, 1, 1, 2, 4, 5, 5, 5, 5, 4, 5, 5, 5, 5, 5, 9, 10, 12, 11, 13, 4, 5, 5, 5, 4, 5, 5, 5, 4, 5, 5, 5, 4, 5, 5, 5, 1, 2, 4, 5, 5, 6, 6, 6, 6, 4, 5, 5, 4, 5, 1, 12, 12, 1, 1, 1, 1, 4, 5, 5, 4, 5, 6, 6, 7, 7, 9, 10, 12, 12, 11, 11, 1, 1, 2, 4, 5, 5, 5, 5, 5, 4, 6, 6, 6, 6, 6, 6, 7, 7, 9, 10, 11, 11, 12, 1, 1, 1, 2, 3, 4, 5, 5, 6, 6, 6, 6, 6, 6, 4, 5, 5, 6, 6, 6, 7, 7, 7, 9, 10, 10, 12, 12, 11, 11, 12, 1, 2, 2, 3, 4, 5, 5, 5, 5, 5, 5, 4, 5, 5, 5, 5, 5, 9, 10, 10, 11, 11, 12, 2, 4, 5, 5, 5, 5, 5, 5, 5, 5, 4, 5, 5, 5, 5, 5, 5, 5, 9, 9, 9, 10, 12, 1, 2, 4, 6, 6, 6, 6, 6, 6, 4, 5, 5, 5, 5, 9, 10, 10, 12, 11, 12, 1, 1, 2, 4, 5, 6, 6, 6, 6, 6, 4, 5, 5, 9, 10, 10, 12, 11, 12]
Y_pred:
[ 1  1  1  3  4  5  3  5  5  4  5  5  5  3  5 11 10 12 11  1  4  5  5  5  4
  5  5  5  4  5  5  5  4  5  5  5  1  1  4  4  5  6  6  3  3  4  5  6  4  5
  4  4 13  4  1  1  3  4  5  6  4  5  6  7  3  7  4  5 12 12 11 11  1  1  2
  4  5  5  5  2  6  4  6  6  5  1  1  6  1 13  4 10  4 10  4  4  1  1  1  5
  4  5  2  6  6  5  6  6  3  4  5  5  6  4  3  3  5 13  9  5 10 12  9 11 13
  5  1  1  4  3  4  5  3  3  4  3  7  4  5  3  4  4  5  4  5 13  4 11 11  2
  5  1  4  3  6  4  4  4  3  4  4  3  5  3  7  5  4 12  5  9  4  9  1  1  4
  6  6  6  5  3  5  4  4  5  5  8  4 11 12 12  9 12  1  1  2  4  4  6  8  8
  6  7  4  5  5  4  7 13 12  4 13]
test_Y len is 211，and Y_pred len is 211
**********************step=1**********************
0.526066350711
test_Y:
[1, 1, 1, 2, 4, 5, 5, 5, 5, 4, 5, 5, 5, 5, 5, 9, 10, 12, 11, 13, 4, 5, 5, 5, 4, 5, 5, 5, 4, 5, 5, 5, 4, 5, 5, 5, 1, 2, 4, 5, 5, 6, 6, 6, 6, 4, 5, 5, 4, 5, 1, 12, 12, 1, 1, 1, 1, 4, 5, 5, 4, 5, 6, 6, 7, 7, 9, 10, 12, 12, 11, 11, 1, 1, 2, 4, 5, 5, 5, 5, 5, 4, 6, 6, 6, 6, 6, 6, 7, 7, 9, 10, 11, 11, 12, 1, 1, 1, 2, 3, 4, 5, 5, 6, 6, 6, 6, 6, 6, 4, 5, 5, 6, 6, 6, 7, 7, 7, 9, 10, 10, 12, 12, 11, 11, 12, 1, 2, 2, 3, 4, 5, 5, 5, 5, 5, 5, 4, 5, 5, 5, 5, 5, 9, 10, 10, 11, 11, 12, 2, 4, 5, 5, 5, 5, 5, 5, 5, 5, 4, 5, 5, 5, 5, 5, 5, 5, 9, 9, 9, 10, 12, 1, 2, 4, 6, 6, 6, 6, 6, 6, 4, 5, 5, 5, 5, 9, 10, 10, 12, 11, 12, 1, 1, 2, 4, 5, 6, 6, 6, 6, 6, 4, 5, 5, 9, 10, 10, 12, 11, 12]
Y_pred:
[ 1  2  2  2  4  5  7  4  3  4  5 13  7  7  5  4 10 11 13  4  4  5  5  5  4
  5  5  5  4  5  5  5  4  5  5  5  1  2  4 10  7  6  6  3  6  4  5  6  4  6
  4  1 11  1  1  1  2  4  5  7  4  5  1  6  5  3  9 10 12  4 10 11  1  2  1
  4  5  5  5  2  6  4  5  6  6  6  9  6  1  7  4 10  5 12 10  4  1  1  2  3
  4  5  7  6  6  3  7  6  3  4  5 10  6  5  7  6  3  3 11 10  9 12 11  9  7
 12  1  2  2  3  4  4  5  7  3  4  5  4  5  6  5  7  7  4  4  5  4 10 13  1
  5  3  3  3  6  4  8  3  3  4  3  5  6  5  3  4 12  4  3  9  4 13  1  2  4
  1 12  6  5  7  3  4  5  5  5  5  9  4 12 12 11 12  1  2  2  4  5  5  6  6
  6  7  4  5  4  4 10 10 12  4  6]
test_Y len is 211，and Y_pred len is 211
**********************step=1**********************
0.507109004739
test_Y:
[1, 1, 1, 2, 4, 5, 5, 5, 5, 4, 5, 5, 5, 5, 5, 9, 10, 12, 11, 13, 4, 5, 5, 5, 4, 5, 5, 5, 4, 5, 5, 5, 4, 5, 5, 5, 1, 2, 4, 5, 5, 6, 6, 6, 6, 4, 5, 5, 4, 5, 1, 12, 12, 1, 1, 1, 1, 4, 5, 5, 4, 5, 6, 6, 7, 7, 9, 10, 12, 12, 11, 11, 1, 1, 2, 4, 5, 5, 5, 5, 5, 4, 6, 6, 6, 6, 6, 6, 7, 7, 9, 10, 11, 11, 12, 1, 1, 1, 2, 3, 4, 5, 5, 6, 6, 6, 6, 6, 6, 4, 5, 5, 6, 6, 6, 7, 7, 7, 9, 10, 10, 12, 12, 11, 11, 12, 1, 2, 2, 3, 4, 5, 5, 5, 5, 5, 5, 4, 5, 5, 5, 5, 5, 9, 10, 10, 11, 11, 12, 2, 4, 5, 5, 5, 5, 5, 5, 5, 5, 4, 5, 5, 5, 5, 5, 5, 5, 9, 9, 9, 10, 12, 1, 2, 4, 6, 6, 6, 6, 6, 6, 4, 5, 5, 5, 5, 9, 10, 10, 12, 11, 12, 1, 1, 2, 4, 5, 6, 6, 6, 6, 6, 4, 5, 5, 9, 10, 10, 12, 11, 12]
Y_pred:
[ 1  2  1  3  4  5  7  6  3  4  5  5  3  6  5  9 10  4 13  4  4  5  5  5  4
  5  5  5  4  5  5  5  4  5  5  5  1  1  4 10  5  6  4  3  3  4  1  3  4  6
  9  1  1  1  1  1  2  4  5  3  4  5  6 13  3  3  9 10 12 12  1 13  1  1  2
  4  5  5  5  2  6  4  6  6  5  3  2  6  3  7  4 10  5 12 13  1  1  1  2  2
  4  5  3  3  6  3  6  6  2  4  5 12  5  5  7  7  3  3  9  4 10 12  9 11  4
 12  1  1  2  3  4  3  3  1  3  4  3  4  5 13  3  3  7  4  5  6  4 11 11  2
  2  3  2  4  6  4  4  7  5  4  6  5  1  3  3  3  4  9  9  9  4 13  1  2  4
  6 12  6  3  3  2  4  4  5  7  7  4  9 12 12  4 12  1  2  2  4  5  5  3  7
  3  3  4  5  5  4 10 10 12  4  1]
test_Y len is 211，and Y_pred len is 211
