**********************step=1**********************
0.383886255924
test_Y:
[1, 1, 1, 2, 4, 5, 5, 5, 5, 4, 5, 5, 5, 5, 5, 9, 10, 12, 11, 13, 4, 5, 5, 5, 4, 5, 5, 5, 4, 5, 5, 5, 4, 5, 5, 5, 1, 2, 4, 5, 5, 6, 6, 6, 6, 4, 5, 5, 4, 5, 1, 12, 12, 1, 1, 1, 1, 4, 5, 5, 4, 5, 6, 6, 7, 7, 9, 10, 12, 12, 11, 11, 1, 1, 2, 4, 5, 5, 5, 5, 5, 4, 6, 6, 6, 6, 6, 6, 7, 7, 9, 10, 11, 11, 12, 1, 1, 1, 2, 3, 4, 5, 5, 6, 6, 6, 6, 6, 6, 4, 5, 5, 6, 6, 6, 7, 7, 7, 9, 10, 10, 12, 12, 11, 11, 12, 1, 2, 2, 3, 4, 5, 5, 5, 5, 5, 5, 4, 5, 5, 5, 5, 5, 9, 10, 10, 11, 11, 12, 2, 4, 5, 5, 5, 5, 5, 5, 5, 5, 4, 5, 5, 5, 5, 5, 5, 5, 9, 9, 9, 10, 12, 1, 2, 4, 6, 6, 6, 6, 6, 6, 4, 5, 5, 5, 5, 9, 10, 10, 12, 11, 12, 1, 1, 2, 4, 5, 6, 6, 6, 6, 6, 4, 5, 5, 9, 10, 10, 12, 11, 12]
Y_pred:
[5 5 5 6 5 5 6 5 5 5 5 5 5 6 5 5 5 5 6 6 6 5 5 5 6 5 5 5 6 5 5 5 6 5 5 5 5
 6 5 5 5 6 6 6 6 5 5 6 5 6 5 5 5 5 5 5 5 5 5 6 5 6 6 5 5 5 5 5 5 5 5 5 5 5
 5 5 5 5 6 5 6 5 6 6 6 6 6 6 5 6 5 5 5 5 5 5 5 5 5 6 5 5 5 6 6 5 6 6 6 5 5
 5 6 6 6 6 5 5 5 5 5 5 5 5 5 5 5 5 5 6 5 5 6 6 5 5 5 5 5 5 5 5 5 5 5 5 5 5
 5 6 5 6 5 5 6 5 5 6 6 6 5 6 6 5 5 5 5 5 5 6 5 5 5 5 5 6 6 6 5 6 5 5 6 5 6
 5 5 5 6 5 5 5 5 5 5 5 5 6 6 6 6 6 5 5 5 5 5 5 5 6 6]
test_Y len is 211，and Y_pred len is 211
**********************step=1**********************
0.383886255924
test_Y:
[1, 1, 1, 2, 4, 5, 5, 5, 5, 4, 5, 5, 5, 5, 5, 9, 10, 12, 11, 13, 4, 5, 5, 5, 4, 5, 5, 5, 4, 5, 5, 5, 4, 5, 5, 5, 1, 2, 4, 5, 5, 6, 6, 6, 6, 4, 5, 5, 4, 5, 1, 12, 12, 1, 1, 1, 1, 4, 5, 5, 4, 5, 6, 6, 7, 7, 9, 10, 12, 12, 11, 11, 1, 1, 2, 4, 5, 5, 5, 5, 5, 4, 6, 6, 6, 6, 6, 6, 7, 7, 9, 10, 11, 11, 12, 1, 1, 1, 2, 3, 4, 5, 5, 6, 6, 6, 6, 6, 6, 4, 5, 5, 6, 6, 6, 7, 7, 7, 9, 10, 10, 12, 12, 11, 11, 12, 1, 2, 2, 3, 4, 5, 5, 5, 5, 5, 5, 4, 5, 5, 5, 5, 5, 9, 10, 10, 11, 11, 12, 2, 4, 5, 5, 5, 5, 5, 5, 5, 5, 4, 5, 5, 5, 5, 5, 5, 5, 9, 9, 9, 10, 12, 1, 2, 4, 6, 6, 6, 6, 6, 6, 4, 5, 5, 5, 5, 9, 10, 10, 12, 11, 12, 1, 1, 2, 4, 5, 6, 6, 6, 6, 6, 4, 5, 5, 9, 10, 10, 12, 11, 12]
Y_pred:
[5 5 5 6 5 5 6 5 5 5 5 5 5 6 5 5 5 5 6 6 6 5 5 5 6 5 5 5 6 5 5 5 6 5 5 5 5
 6 5 5 5 6 6 6 6 5 5 6 5 6 5 5 5 5 5 5 5 5 5 6 5 6 6 5 5 5 5 5 5 5 5 5 5 5
 5 5 5 5 6 5 6 5 6 6 6 6 6 6 5 6 5 5 5 5 5 5 5 5 5 6 5 5 5 6 6 5 6 6 6 5 5
 5 6 6 6 6 5 5 5 5 5 5 5 5 5 5 5 5 5 6 5 5 6 6 5 5 5 5 5 5 5 5 5 5 5 5 5 5
 5 6 5 6 5 5 6 5 5 6 6 6 5 6 6 5 5 5 5 5 5 6 5 5 5 5 5 6 6 6 5 6 5 5 6 5 6
 5 5 5 6 5 5 5 5 5 5 5 5 6 6 6 6 6 5 5 5 5 5 5 5 6 6]
test_Y len is 211，and Y_pred len is 211
**********************step=1**********************
0.383886255924
test_Y:
[1, 1, 1, 2, 4, 5, 5, 5, 5, 4, 5, 5, 5, 5, 5, 9, 10, 12, 11, 13, 4, 5, 5, 5, 4, 5, 5, 5, 4, 5, 5, 5, 4, 5, 5, 5, 1, 2, 4, 5, 5, 6, 6, 6, 6, 4, 5, 5, 4, 5, 1, 12, 12, 1, 1, 1, 1, 4, 5, 5, 4, 5, 6, 6, 7, 7, 9, 10, 12, 12, 11, 11, 1, 1, 2, 4, 5, 5, 5, 5, 5, 4, 6, 6, 6, 6, 6, 6, 7, 7, 9, 10, 11, 11, 12, 1, 1, 1, 2, 3, 4, 5, 5, 6, 6, 6, 6, 6, 6, 4, 5, 5, 6, 6, 6, 7, 7, 7, 9, 10, 10, 12, 12, 11, 11, 12, 1, 2, 2, 3, 4, 5, 5, 5, 5, 5, 5, 4, 5, 5, 5, 5, 5, 9, 10, 10, 11, 11, 12, 2, 4, 5, 5, 5, 5, 5, 5, 5, 5, 4, 5, 5, 5, 5, 5, 5, 5, 9, 9, 9, 10, 12, 1, 2, 4, 6, 6, 6, 6, 6, 6, 4, 5, 5, 5, 5, 9, 10, 10, 12, 11, 12, 1, 1, 2, 4, 5, 6, 6, 6, 6, 6, 4, 5, 5, 9, 10, 10, 12, 11, 12]
Y_pred:
[5 5 5 6 5 5 6 5 5 5 5 5 5 6 5 5 5 5 6 6 6 5 5 5 6 5 5 5 6 5 5 5 6 5 5 5 5
 6 5 5 5 6 6 6 6 5 5 6 5 6 5 5 5 5 5 5 5 5 5 6 5 6 6 5 5 5 5 5 5 5 5 5 5 5
 5 5 5 5 6 5 6 5 6 6 6 6 6 6 5 6 5 5 5 5 5 5 5 5 5 6 5 5 5 6 6 5 6 6 6 5 5
 5 6 6 6 6 5 5 5 5 5 5 5 5 5 5 5 5 5 6 5 5 6 6 5 5 5 5 5 5 5 5 5 5 5 5 5 5
 5 6 5 6 5 5 6 5 5 6 6 6 5 6 6 5 5 5 5 5 5 6 5 5 5 5 5 6 6 6 5 6 5 5 6 5 6
 5 5 5 6 5 5 5 5 5 5 5 5 6 6 6 6 6 5 5 5 5 5 5 5 6 6]
test_Y len is 211，and Y_pred len is 211
**********************step=1**********************
0.383886255924
test_Y:
[1, 1, 1, 2, 4, 5, 5, 5, 5, 4, 5, 5, 5, 5, 5, 9, 10, 12, 11, 13, 4, 5, 5, 5, 4, 5, 5, 5, 4, 5, 5, 5, 4, 5, 5, 5, 1, 2, 4, 5, 5, 6, 6, 6, 6, 4, 5, 5, 4, 5, 1, 12, 12, 1, 1, 1, 1, 4, 5, 5, 4, 5, 6, 6, 7, 7, 9, 10, 12, 12, 11, 11, 1, 1, 2, 4, 5, 5, 5, 5, 5, 4, 6, 6, 6, 6, 6, 6, 7, 7, 9, 10, 11, 11, 12, 1, 1, 1, 2, 3, 4, 5, 5, 6, 6, 6, 6, 6, 6, 4, 5, 5, 6, 6, 6, 7, 7, 7, 9, 10, 10, 12, 12, 11, 11, 12, 1, 2, 2, 3, 4, 5, 5, 5, 5, 5, 5, 4, 5, 5, 5, 5, 5, 9, 10, 10, 11, 11, 12, 2, 4, 5, 5, 5, 5, 5, 5, 5, 5, 4, 5, 5, 5, 5, 5, 5, 5, 9, 9, 9, 10, 12, 1, 2, 4, 6, 6, 6, 6, 6, 6, 4, 5, 5, 5, 5, 9, 10, 10, 12, 11, 12, 1, 1, 2, 4, 5, 6, 6, 6, 6, 6, 4, 5, 5, 9, 10, 10, 12, 11, 12]
Y_pred:
[5 5 5 6 5 5 6 5 5 5 5 5 5 6 5 5 5 5 6 6 6 5 5 5 6 5 5 5 6 5 5 5 6 5 5 5 5
 6 5 5 5 6 6 6 6 5 5 6 5 6 5 5 5 5 5 5 5 5 5 6 5 6 6 5 5 5 5 5 5 5 5 5 5 5
 5 5 5 5 6 5 6 5 6 6 6 6 6 6 5 6 5 5 5 5 5 5 5 5 5 6 5 5 5 6 6 5 6 6 6 5 5
 5 6 6 6 6 5 5 5 5 5 5 5 5 5 5 5 5 5 6 5 5 6 6 5 5 5 5 5 5 5 5 5 5 5 5 5 5
 5 6 5 6 5 5 6 5 5 6 6 6 5 6 6 5 5 5 5 5 5 6 5 5 5 5 5 6 6 6 5 6 5 5 6 5 6
 5 5 5 6 5 5 5 5 5 5 5 5 6 6 6 6 6 5 5 5 5 5 5 5 6 6]
test_Y len is 211，and Y_pred len is 211
**********************step=1**********************
0.383886255924
test_Y:
[1, 1, 1, 2, 4, 5, 5, 5, 5, 4, 5, 5, 5, 5, 5, 9, 10, 12, 11, 13, 4, 5, 5, 5, 4, 5, 5, 5, 4, 5, 5, 5, 4, 5, 5, 5, 1, 2, 4, 5, 5, 6, 6, 6, 6, 4, 5, 5, 4, 5, 1, 12, 12, 1, 1, 1, 1, 4, 5, 5, 4, 5, 6, 6, 7, 7, 9, 10, 12, 12, 11, 11, 1, 1, 2, 4, 5, 5, 5, 5, 5, 4, 6, 6, 6, 6, 6, 6, 7, 7, 9, 10, 11, 11, 12, 1, 1, 1, 2, 3, 4, 5, 5, 6, 6, 6, 6, 6, 6, 4, 5, 5, 6, 6, 6, 7, 7, 7, 9, 10, 10, 12, 12, 11, 11, 12, 1, 2, 2, 3, 4, 5, 5, 5, 5, 5, 5, 4, 5, 5, 5, 5, 5, 9, 10, 10, 11, 11, 12, 2, 4, 5, 5, 5, 5, 5, 5, 5, 5, 4, 5, 5, 5, 5, 5, 5, 5, 9, 9, 9, 10, 12, 1, 2, 4, 6, 6, 6, 6, 6, 6, 4, 5, 5, 5, 5, 9, 10, 10, 12, 11, 12, 1, 1, 2, 4, 5, 6, 6, 6, 6, 6, 4, 5, 5, 9, 10, 10, 12, 11, 12]
Y_pred:
[5 5 5 6 5 5 6 5 5 5 5 5 5 6 5 5 5 5 6 6 6 5 5 5 6 5 5 5 6 5 5 5 6 5 5 5 5
 6 5 5 5 6 6 6 6 5 5 6 5 6 5 5 5 5 5 5 5 5 5 6 5 6 6 5 5 5 5 5 5 5 5 5 5 5
 5 5 5 5 6 5 6 5 6 6 6 6 6 6 5 6 5 5 5 5 5 5 5 5 5 6 5 5 5 6 6 5 6 6 6 5 5
 5 6 6 6 6 5 5 5 5 5 5 5 5 5 5 5 5 5 6 5 5 6 6 5 5 5 5 5 5 5 5 5 5 5 5 5 5
 5 6 5 6 5 5 6 5 5 6 6 6 5 6 6 5 5 5 5 5 5 6 5 5 5 5 5 6 6 6 5 6 5 5 6 5 6
 5 5 5 6 5 5 5 5 5 5 5 5 6 6 6 6 6 5 5 5 5 5 5 5 6 6]
test_Y len is 211，and Y_pred len is 211
**********************step=1**********************
0.383886255924
test_Y:
[1, 1, 1, 2, 4, 5, 5, 5, 5, 4, 5, 5, 5, 5, 5, 9, 10, 12, 11, 13, 4, 5, 5, 5, 4, 5, 5, 5, 4, 5, 5, 5, 4, 5, 5, 5, 1, 2, 4, 5, 5, 6, 6, 6, 6, 4, 5, 5, 4, 5, 1, 12, 12, 1, 1, 1, 1, 4, 5, 5, 4, 5, 6, 6, 7, 7, 9, 10, 12, 12, 11, 11, 1, 1, 2, 4, 5, 5, 5, 5, 5, 4, 6, 6, 6, 6, 6, 6, 7, 7, 9, 10, 11, 11, 12, 1, 1, 1, 2, 3, 4, 5, 5, 6, 6, 6, 6, 6, 6, 4, 5, 5, 6, 6, 6, 7, 7, 7, 9, 10, 10, 12, 12, 11, 11, 12, 1, 2, 2, 3, 4, 5, 5, 5, 5, 5, 5, 4, 5, 5, 5, 5, 5, 9, 10, 10, 11, 11, 12, 2, 4, 5, 5, 5, 5, 5, 5, 5, 5, 4, 5, 5, 5, 5, 5, 5, 5, 9, 9, 9, 10, 12, 1, 2, 4, 6, 6, 6, 6, 6, 6, 4, 5, 5, 5, 5, 9, 10, 10, 12, 11, 12, 1, 1, 2, 4, 5, 6, 6, 6, 6, 6, 4, 5, 5, 9, 10, 10, 12, 11, 12]
Y_pred:
[5 5 5 6 5 5 6 5 5 5 5 5 5 6 5 5 5 5 6 6 6 5 5 5 6 5 5 5 6 5 5 5 6 5 5 5 5
 6 5 5 5 6 6 6 6 5 5 6 5 6 5 5 5 5 5 5 5 5 5 6 5 6 6 5 5 5 5 5 5 5 5 5 5 5
 5 5 5 5 6 5 6 5 6 6 6 6 6 6 5 6 5 5 5 5 5 5 5 5 5 6 5 5 5 6 6 5 6 6 6 5 5
 5 6 6 6 6 5 5 5 5 5 5 5 5 5 5 5 5 5 6 5 5 6 6 5 5 5 5 5 5 5 5 5 5 5 5 5 5
 5 6 5 6 5 5 6 5 5 6 6 6 5 6 6 5 5 5 5 5 5 6 5 5 5 5 5 6 6 6 5 6 5 5 6 5 6
 5 5 5 6 5 5 5 5 5 5 5 5 6 6 6 6 6 5 5 5 5 5 5 5 6 6]
test_Y len is 211，and Y_pred len is 211
**********************step=1**********************
0.383886255924
test_Y:
[1, 1, 1, 2, 4, 5, 5, 5, 5, 4, 5, 5, 5, 5, 5, 9, 10, 12, 11, 13, 4, 5, 5, 5, 4, 5, 5, 5, 4, 5, 5, 5, 4, 5, 5, 5, 1, 2, 4, 5, 5, 6, 6, 6, 6, 4, 5, 5, 4, 5, 1, 12, 12, 1, 1, 1, 1, 4, 5, 5, 4, 5, 6, 6, 7, 7, 9, 10, 12, 12, 11, 11, 1, 1, 2, 4, 5, 5, 5, 5, 5, 4, 6, 6, 6, 6, 6, 6, 7, 7, 9, 10, 11, 11, 12, 1, 1, 1, 2, 3, 4, 5, 5, 6, 6, 6, 6, 6, 6, 4, 5, 5, 6, 6, 6, 7, 7, 7, 9, 10, 10, 12, 12, 11, 11, 12, 1, 2, 2, 3, 4, 5, 5, 5, 5, 5, 5, 4, 5, 5, 5, 5, 5, 9, 10, 10, 11, 11, 12, 2, 4, 5, 5, 5, 5, 5, 5, 5, 5, 4, 5, 5, 5, 5, 5, 5, 5, 9, 9, 9, 10, 12, 1, 2, 4, 6, 6, 6, 6, 6, 6, 4, 5, 5, 5, 5, 9, 10, 10, 12, 11, 12, 1, 1, 2, 4, 5, 6, 6, 6, 6, 6, 4, 5, 5, 9, 10, 10, 12, 11, 12]
Y_pred:
[5 5 5 6 5 5 6 5 5 5 5 5 5 6 5 5 5 5 6 6 6 5 5 5 6 5 5 5 6 5 5 5 6 5 5 5 5
 6 5 5 5 6 6 6 6 5 5 6 5 6 5 5 5 5 5 5 5 5 5 6 5 6 6 5 5 5 5 5 5 5 5 5 5 5
 5 5 5 5 6 5 6 5 6 6 6 6 6 6 5 6 5 5 5 5 5 5 5 5 5 6 5 5 5 6 6 5 6 6 6 5 5
 5 6 6 6 6 5 5 5 5 5 5 5 5 5 5 5 5 5 6 5 5 6 6 5 5 5 5 5 5 5 5 5 5 5 5 5 5
 5 6 5 6 5 5 6 5 5 6 6 6 5 6 6 5 5 5 5 5 5 6 5 5 5 5 5 6 6 6 5 6 5 5 6 5 6
 5 5 5 6 5 5 5 5 5 5 5 5 6 6 6 6 6 5 5 5 5 5 5 5 6 6]
test_Y len is 211，and Y_pred len is 211
**********************step=1**********************
0.383886255924
test_Y:
[1, 1, 1, 2, 4, 5, 5, 5, 5, 4, 5, 5, 5, 5, 5, 9, 10, 12, 11, 13, 4, 5, 5, 5, 4, 5, 5, 5, 4, 5, 5, 5, 4, 5, 5, 5, 1, 2, 4, 5, 5, 6, 6, 6, 6, 4, 5, 5, 4, 5, 1, 12, 12, 1, 1, 1, 1, 4, 5, 5, 4, 5, 6, 6, 7, 7, 9, 10, 12, 12, 11, 11, 1, 1, 2, 4, 5, 5, 5, 5, 5, 4, 6, 6, 6, 6, 6, 6, 7, 7, 9, 10, 11, 11, 12, 1, 1, 1, 2, 3, 4, 5, 5, 6, 6, 6, 6, 6, 6, 4, 5, 5, 6, 6, 6, 7, 7, 7, 9, 10, 10, 12, 12, 11, 11, 12, 1, 2, 2, 3, 4, 5, 5, 5, 5, 5, 5, 4, 5, 5, 5, 5, 5, 9, 10, 10, 11, 11, 12, 2, 4, 5, 5, 5, 5, 5, 5, 5, 5, 4, 5, 5, 5, 5, 5, 5, 5, 9, 9, 9, 10, 12, 1, 2, 4, 6, 6, 6, 6, 6, 6, 4, 5, 5, 5, 5, 9, 10, 10, 12, 11, 12, 1, 1, 2, 4, 5, 6, 6, 6, 6, 6, 4, 5, 5, 9, 10, 10, 12, 11, 12]
Y_pred:
[5 5 5 6 5 5 6 5 5 5 5 5 5 6 5 5 5 5 6 6 6 5 5 5 6 5 5 5 6 5 5 5 6 5 5 5 5
 6 5 5 5 6 6 6 6 5 5 6 5 6 5 5 5 5 5 5 5 5 5 6 5 6 6 5 5 5 5 5 5 5 5 5 5 5
 5 5 5 5 6 5 6 5 6 6 6 6 6 6 5 6 5 5 5 5 5 5 5 5 5 6 5 5 5 6 6 5 6 6 6 5 5
 5 6 6 6 6 5 5 5 5 5 5 5 5 5 5 5 5 5 6 5 5 6 6 5 5 5 5 5 5 5 5 5 5 5 5 5 5
 5 6 5 6 5 5 6 5 5 6 6 6 5 6 6 5 5 5 5 5 5 6 5 5 5 5 5 6 6 6 5 6 5 5 6 5 6
 5 5 5 6 5 5 5 5 5 5 5 5 6 6 6 6 6 5 5 5 5 5 5 5 6 6]
test_Y len is 211，and Y_pred len is 211
**********************step=1**********************
0.383886255924
test_Y:
[1, 1, 1, 2, 4, 5, 5, 5, 5, 4, 5, 5, 5, 5, 5, 9, 10, 12, 11, 13, 4, 5, 5, 5, 4, 5, 5, 5, 4, 5, 5, 5, 4, 5, 5, 5, 1, 2, 4, 5, 5, 6, 6, 6, 6, 4, 5, 5, 4, 5, 1, 12, 12, 1, 1, 1, 1, 4, 5, 5, 4, 5, 6, 6, 7, 7, 9, 10, 12, 12, 11, 11, 1, 1, 2, 4, 5, 5, 5, 5, 5, 4, 6, 6, 6, 6, 6, 6, 7, 7, 9, 10, 11, 11, 12, 1, 1, 1, 2, 3, 4, 5, 5, 6, 6, 6, 6, 6, 6, 4, 5, 5, 6, 6, 6, 7, 7, 7, 9, 10, 10, 12, 12, 11, 11, 12, 1, 2, 2, 3, 4, 5, 5, 5, 5, 5, 5, 4, 5, 5, 5, 5, 5, 9, 10, 10, 11, 11, 12, 2, 4, 5, 5, 5, 5, 5, 5, 5, 5, 4, 5, 5, 5, 5, 5, 5, 5, 9, 9, 9, 10, 12, 1, 2, 4, 6, 6, 6, 6, 6, 6, 4, 5, 5, 5, 5, 9, 10, 10, 12, 11, 12, 1, 1, 2, 4, 5, 6, 6, 6, 6, 6, 4, 5, 5, 9, 10, 10, 12, 11, 12]
Y_pred:
[5 5 5 6 5 5 6 5 5 5 5 5 5 6 5 5 5 5 6 6 6 5 5 5 6 5 5 5 6 5 5 5 6 5 5 5 5
 6 5 5 5 6 6 6 6 5 5 6 5 6 5 5 5 5 5 5 5 5 5 6 5 6 6 5 5 5 5 5 5 5 5 5 5 5
 5 5 5 5 6 5 6 5 6 6 6 6 6 6 5 6 5 5 5 5 5 5 5 5 5 6 5 5 5 6 6 5 6 6 6 5 5
 5 6 6 6 6 5 5 5 5 5 5 5 5 5 5 5 5 5 6 5 5 6 6 5 5 5 5 5 5 5 5 5 5 5 5 5 5
 5 6 5 6 5 5 6 5 5 6 6 6 5 6 6 5 5 5 5 5 5 6 5 5 5 5 5 6 6 6 5 6 5 5 6 5 6
 5 5 5 6 5 5 5 5 5 5 5 5 6 6 6 6 6 5 5 5 5 5 5 5 6 6]
test_Y len is 211，and Y_pred len is 211
**********************step=1**********************
0.383886255924
test_Y:
[1, 1, 1, 2, 4, 5, 5, 5, 5, 4, 5, 5, 5, 5, 5, 9, 10, 12, 11, 13, 4, 5, 5, 5, 4, 5, 5, 5, 4, 5, 5, 5, 4, 5, 5, 5, 1, 2, 4, 5, 5, 6, 6, 6, 6, 4, 5, 5, 4, 5, 1, 12, 12, 1, 1, 1, 1, 4, 5, 5, 4, 5, 6, 6, 7, 7, 9, 10, 12, 12, 11, 11, 1, 1, 2, 4, 5, 5, 5, 5, 5, 4, 6, 6, 6, 6, 6, 6, 7, 7, 9, 10, 11, 11, 12, 1, 1, 1, 2, 3, 4, 5, 5, 6, 6, 6, 6, 6, 6, 4, 5, 5, 6, 6, 6, 7, 7, 7, 9, 10, 10, 12, 12, 11, 11, 12, 1, 2, 2, 3, 4, 5, 5, 5, 5, 5, 5, 4, 5, 5, 5, 5, 5, 9, 10, 10, 11, 11, 12, 2, 4, 5, 5, 5, 5, 5, 5, 5, 5, 4, 5, 5, 5, 5, 5, 5, 5, 9, 9, 9, 10, 12, 1, 2, 4, 6, 6, 6, 6, 6, 6, 4, 5, 5, 5, 5, 9, 10, 10, 12, 11, 12, 1, 1, 2, 4, 5, 6, 6, 6, 6, 6, 4, 5, 5, 9, 10, 10, 12, 11, 12]
Y_pred:
[5 5 5 6 5 5 6 5 5 5 5 5 5 6 5 5 5 5 6 6 6 5 5 5 6 5 5 5 6 5 5 5 6 5 5 5 5
 6 5 5 5 6 6 6 6 5 5 6 5 6 5 5 5 5 5 5 5 5 5 6 5 6 6 5 5 5 5 5 5 5 5 5 5 5
 5 5 5 5 6 5 6 5 6 6 6 6 6 6 5 6 5 5 5 5 5 5 5 5 5 6 5 5 5 6 6 5 6 6 6 5 5
 5 6 6 6 6 5 5 5 5 5 5 5 5 5 5 5 5 5 6 5 5 6 6 5 5 5 5 5 5 5 5 5 5 5 5 5 5
 5 6 5 6 5 5 6 5 5 6 6 6 5 6 6 5 5 5 5 5 5 6 5 5 5 5 5 6 6 6 5 6 5 5 6 5 6
 5 5 5 6 5 5 5 5 5 5 5 5 6 6 6 6 6 5 5 5 5 5 5 5 6 6]
test_Y len is 211，and Y_pred len is 211
